892203
892675
893468
893940
1026400
1026504
1027030
1028012
1163211
1163248
1292384
1292498
1292666
1294419
1296721
1429337
1429390
1429426
1430219
1430444
1430810
1431381
1432789
1432865
1433531
1434277
1434286
1434792
1436132
1570349
1574524
1576796
1717528
1718958
1719308
1720785
1720964
1721879
1722549
1724096
1725053
1725470
1726097
1726231
1849474
1863905
1864220
1867120
1867702
1867921
1867991
1869510
1871438
1872189
1872499
1872974
1873703
1873987
1995038
1995155
1995360
1995526
1995787
2010594
2011347
2011411
2011574
2011618
2012090
2012186
2012821
2012841
2014700
2015013
2015138
2015883
2017988
2018169
2018304
2018701
2019709
2020086
2020463
2021633
2141783
2156669
2156839
2156965
2156992
2157247
2157600
2158433
2159073
2159499
2159783
2161393
2161400
2161984
2163301
2163644
2163798
2164169
2164232
2164930
2165718
2166932
2167062
2167151
2168387
2282525
2283227
2283589
2284211
2285129
2285212
2297426
2297468
2298394
2300178
2300373
2300835
2301143
2301306
2301367
2301785
2302288
2302665
2302758
2302889
2303169
2303605
2305210
2305305
2305819
2306410
2306531
2306620
2306825
2307295
2307498
2307604
2307624
2307670
2307900
2308002
2308415
2308930
2309773
2310227
2310531
2310881
2310993
2311407
2311704
2422417
2422825
2423387
2423466
2424681
2425104
2425544
2437888
2437996
2439140
2439538
2441384
2441728
2443815
2443827
2444296
2444428
2444443
2444837
2445760
2445964
2446970
2447532
2447709
2449017
2449247
2449431
2449939
2450107
2450217
2450565
2451298
2451986
2452034
2554378
2554618
2555004
2555899
2556309
2570767
2570881
2571073
2571605
2571748
2572237
2572318
2572793
2573476
2573798
2574945
2575724
2576302
2576549
2576962
2577273
2577554
2578941
2579043
2579133
2580268
2580573
2580632
2580645
2581014
2581876
2581998
2582995
2583715
2583777
2583777
2583777
2583777
2584163
2584627
2584916
2692060
2693176
2694602
2694885
2695222
2696162
2696476
2707019
2707434
2709187
2709383
2709600
2709664
2709773
2710016
2710813
2711263
2711606
2712992
2713963
2714456
2715251
2715382
2715822
2717094
2717332
2717563
2717854
2718678
2719020
2719035
2720129
2720933
2721487
2721489
2721594
2721978
2722192
2722620
2722663
2831101
2831199
2831697
2833278
2833632
2835026
2835111
2835777
2835893
2836086
2836817
2837069
2837111
2845611
2845653
2846888
2847211
2848223
2848412
2848461
2848537
2850107
2850413
2850878
2850945
2851787
2851890
2852336
2853765
2854420
2854809
2854870
2855689
2855876
2855882
2856017
2856124
2856200
2856327
2856761
2856774
2856793
2857528
2857722
2857789
2858322
2859085
2859087
2859710
2860283
2860384
2860656
2861175
2861725
2861764
2861789
2865268
2865774
2968489
2969639
2969655
2970115
2971092
2971465
2972131
2972162
2972471
2972756
2972800
2973265
2973605
2975113
2982796
2983012
2983041
2983693
2985262
2985767
2986458
2986761
2986844
2987242
2988326
2988380
2988396
2989099
2989573
2990899
2991448
2991448
2991448
2991448
2993038
2993312
2993743
2994189
2994564
2994666
2995543
2995938
2998061
2998481
3002478
3002618
3003229
3096885
3097057
3097214
3097522
3098151
3098197
3098541
3099021
3099238
3099294
3099983
3100608
3100698
3100847
3100921
3101602
3102000
3102053
3102108
3102250
3102384
3102384
3102384
3102384
3102482
3103227
3109944
3110607
3110716
3110953
3111525
3112020
3112049
3112106
3112129
3112168
3112475
3113301
3113335
3115027
3115100
3115409
3115558
3116004
3116261
3116546
3116824
3117160
3117164
3118505
3118717
3119315
3119603
3119789
3119838
3120146
3120253
3120320
3120518
3120699
3120904
3121137
3121197
3121250
3121306
3121332
3121451
3121533
3121804
3121813
3121944
3122218
3122470
3122613
3122812
3123393
3123758
3123886
3124059
3124126
3124191
3124402
3128078
3128145
3128937
3129579
3129652
3129757
3129822
3130363
3130747
3215696
3215855
3216952
3216960
3217852
3218952
3219382
3219698
3219735
3219798
3220160
3220850
3220937
3221221
3221272
3221352
3221536
3221964
3222501
3228232
3228740
3229073
3229448
3229560
3229674
3229977
3230024
3230050
3230269
3230396
3230565
3230604
3230826
3230835
3230918
3231871
3232679
3232804
3232818
3233457
3233701
3234073
3234283
3234409
3235059
3235164
3235526
3235576
3235821
3236734
3236811
3237409
3237444
3237501
3238520
3239219
3239496
3240037
3240089
3240207
3240376
3240623
3240667
3240746
3240859
3240895
3241557
3241594
3241856
3244792
3244874
3245095
3245117
3245458
3245608
3245638
3245661
3246129
3246147
3246164
3246913
3247294
3247527
3247767
3247780
3247887
3248250
3248619
3323887
3323887
3323887
3323887
3323937
3324986
3325165
3326462
3326472
3327083
3328027
3328257
3328853
3328941
3329149
3329201
3329581
3330084
3331599
3335313
3335335
3335426
3335462
3335475
3335663
3336252
3337055
3337151
3337487
3337506
3337664
3337818
3339070
3339194
3339842
3340019
3340075
3340183
3340357
3340374
3340593
3340777
3341174
3341831
3342794
3343620
3343755
3344496
3344650
3346818
3346918
3347167
3347971
3348279
3348365
3348483
3348636
3351756
3351888
3351946
3352221
3352621
3353084
3353144
3353152
3353480
3353584
3353724
3353822
3353930
3354358
3354551
3355073
3355104
3355248
3356136
3356518
3356592
3356628
3356709
3356910
3357281
3424056
3426708
3426745
3426790
3427339
3427654
3429138
3430228
3430730
3430889
3431179
3432466
3432666
3433668
3437154
3437730
3437739
3437776
3438975
3439375
3439433
3440118
3440230
3440381
3440460
3440549
3440811
3441294
3441423
3441883
3442167
3442223
3442423
3442676
3442787
3442954
3443101
3443268
3443307
3444304
3444504
3444748
3445129
3445419
3445812
3445913
3446552
3447674
3448177
3448489
3448818
3449027
3449300
3449365
3449498
3449876
3449988
3450057
3454650
3455567
3455929
3457127
3457143
3457310
3457493
3457605
3457969
3458188
3459473
3459504
3459831
3525643
3525752
3527257
3527577
3527822
3527962
3528163
3528384
3528906
3529003
3529031
3529218
3529423
3530493
3530814
3531315
3531558
3531985
3532754
3533000
3533394
3533476
3533551
3533948
3534118
3534915
3540349
3540550
3540672
3540709
3540789
3540969
3541087
3541185
3541881
3542684
3542957
3543198
3543416
3543899
3544258
3544323
3544602
3545519
3545583
3546537
3546892
3546923
3547227
3547916
3547954
3548703
3549328
3549753
3550158
3550305
3550314
3550386
3550704
3550768
3553376
3553572
3554660
3554902
3555208
3555590
3555593
3556057
3556119
3556200
3556520
3556807
3557241
3557305
3557995
3558204
3558383
3558666
3558958
3559181
3559399
3559530
3560021
3560343
3560481
3560550
3560688
3560701
3561681
3562157
3626371
3626665
3626676
3626980
3627417
3627478
3627696
3628259
3628766
3629032
3629100
3629119
3630187
3630194
3630367
3630375
3630782
3631322
3631714
3632757
3633614
3633806
3633823
3634597
3641494
3641696
3641849
3641858
3641944
3642482
3642514
3643372
3643713
3643779
3643810
3643973
3643982
3643987
3643993
3644738
3644869
3645265
3645338
3645568
3645789
3645995
3646707
3646798
3647295
3648027
3648748
3648908
3648963
3648974
3649024
3650089
3650160
3650489
3653838
3653973
3654089
3654465
3655041
3655052
3655135
3655332
3655363
3655793
3656134
3656906
3657406
3657833
3657977
3658251
3658302
3658551
3658869
3659851
3660142
3660168
3661945
3662035
3662978
3663533
3728964
3728988
3730581
3731609
3732035
3732644
3732969
3733351
3733363
3733934
3734186
3734241
3734841
3735049
3735674
3736678
3736774
3743231
3743259
3743511
3743513
3743592
3744009
3744269
3744503
3744521
3745690
3746010
3746284
3747118
3747662
3747810
3747849
3747865
3748982
3749587
3749598
3749725
3750483
3750545
3750855
3751121
3751151
3751241
3751593
3752041
3752110
3752158
3754946
3755103
3755364
3755417
3756092
3756264
3756351
3756405
3756713
3756801
3757202
3757778
3758242
3758618
3758828
3759164
3759377
3759641
3759987
3759992
3760726
3760829
3760837
3761050
3761460
3762144
3762293
3762385
3762389
3762728
3764103
3764338
3764743
3764831
3766017
3831496
3833007
3833380
3833405
3835670
3835688
3836033
3836855
3837003
3837456
3838843
3839084
3839755
3839914
3842335
3842601
3847319
3847612
3847839
3848081
3848106
3848275
3848736
3848985
3849124
3849218
3849231
3849249
3849318
3851194
3851690
3852041
3852124
3852655
3853622
3853682
3853692
3854540
3854646
3854695
3858447
3858720
3858893
3858975
3859043
3859235
3859406
3859797
3859838
3860584
3860670
3860718
3860798
3860802
3861163
3861171
3862007
3862080
3862354
3862392
3862493
3862846
3863459
3864012
3864584
3864591
3864929
3864962
3865966
3866915
3867133
3867226
3867901
3868205
3868439
3869694
3869861
3870178
3934539
3935190
3935194
3936063
3936224
3936252
3936451
3936610
3936679
3936698
3936838
3936850
3936903
3937668
3937717
3937778
3940647
3941052
3941427
3941463
3941577
3941626
3942670
3943032
3943360
3945630
3946338
3946553
3946582
3946621
3946889
3946927
3951794
3952097
3952217
3952218
3952614
3952637
3952824
3952952
3953212
3954308
3954342
3954481
3955330
3955866
3956030
3956115
3956340
3957425
3957661
3957747
3957804
3958112
3958406
3958507
3962507
3962632
3962820
3963303
3964630
3965337
3965634
3965688
3965833
3966749
3968283
3968730
3969154
3969230
3969429
3969448
3969734
3970076
3970117
3970397
3970571
3970937
3971021
3971043
3971430
3971564
3972123
3972208
3972965
3973549
3974277
3974777
3975400
4035856
4036873
4037335
4037745
4039677
4039691
4041732
4042101
4042858
4043144
4043313
4048289
4048556
4048628
4048898
4048915
4049292
4049336
4049391
4049397
4049480
4049576
4055367
4056311
4056361
4058388
4058468
4058554
4058742
4059392
4059887
4059986
4060450
4060708
4064090
4064400
4064448
4066215
4066340
4066614
4067203
4067336
4067498
4067546
4068230
4068354
4068571
4068611
4070270
4070437
4071028
4071473
4072640
4073317
4073821
4073879
4074060
4074111
4074414
4075120
4076471
4076897
4077284
4077591
4077609
4077815
4135585
4135912
4135929
4136466
4137035
4137489
4137673
4138054
4138131
4138826
4139285
4139375
4139690
4141286
4141290
4142535
4143723
4144327
4144456
4147277
4148380
4148843
4149389
4150250
4150261
4150497
4155532
4156504
4156917
4157699
4158070
4159145
4159414
4164438
4164871
4165364
4165725
4165954
4165959
4166198
4166403
4168013
4168933
4171182
4171787
4171955
4172417
4172615
4172730
4173101
4173327
4173599
4174467
4174743
4174751
4175578
4177120
4177686
4177830
4178279
4178610
4179279
4179376
4179643
4179699
4179810
4179898
4179925
4241315
4241876
4241900
4241953
4242173
4242370
4242437
4243689
4243769
4244083
4244180
4244183
4244511
4244785
4245538
4246679
4247815
4248131
4248871
4248982
4249137
4252390
4252417
4252554
4252819
4253160
4253445
4254144
4254979
4256145
4260677
4261401
4261431
4261762
4262067
4262559
4263001
4263363
4263627
4264343
4265178
4265220
4265253
4265377
4265489
4265677
4265762
4268371
4268707
4268960
4269093
4269636
4269735
4269755
4269785
4270268
4270300
4270720
4270851
4271582
4271653
4271667
4272337
4273492
4274295
4274608
4274707
4274816
4274884
4276009
4276147
4276473
4276555
4276611
4276850
4277188
4277501
4278178
4278381
4279106
4279499
4279649
4279779
4279788
4281015
4281231
4281558
4281634
4281678
4281783
4281864
4282993
4283994
4284235
4285087
4345722
4345937
4346930
4348266
4348595
4349740
4350116
4355387
4355621
4356766
4358099
4358360
4358631
4359255
4359516
4359901
4359924
4359995
4360011
4365106
4365182
4365273
4365331
4365364
4366024
4366032
4366040
4366135
4367095
4367157
4367616
4367788
4370718
4371150
4371155
4371372
4371446
4371592
4371622
4372812
4373000
4373189
4373474
4374174
4374680
4378104
4378616
4378961
4379432
4379575
4379932
4380214
4380308
4381200
4383803
4383920
4384168
4384398
4385250
4386086
4443393
4445781
4446013
4446140
4446161
4446192
4446295
4446693
4446859
4447163
4447821
4447850
4448190
4449132
4449464
4449814
4450034
4450061
4450472
4454768
4454934
4455010
4455286
4455842
4456150
4456295
4456307
4456793
4456967
4457733
4458445
4458712
4458948
4459766
4459767
4464825
4465314
4465324
4469891
4470888
4471022
4471033
4471189
4471876
4471979
4472803
4472920
4473359
4474271
4474362
4476088
4476139
4476431
4476562
4477252
4478201
4478714
4479178
4479860
4480190
4481681
4482126
4484020
4484312
4484794
4488879
4489094
4489993
4540355
4540549
4543058
4543158
4543734
4543737
4543879
4543923
4544948
4545711
4546036
4546924
4547614
4548074
4550741
4550776
4551266
4551723
4552036
4552155
4552879
4552970
4553592
4553780
4553979
4554403
4555021
4555566
4555752
4555802
4555937
4556096
4556211
4556318
4556930
4557072
4557988
4566068
4566436
4566771
4566842
4567046
4567077
4567118
4567265
4567728
4567997
4568248
4568485
4569579
4570218
4570613
4570627
4570853
4571282
4571573
4571582
4572074
4573582
4574233
4574338
4574686
4574803
4575083
4575463
4575824
4575863
4577565
4578667
4579477
4579626
4579965
4580213
4580417
4581122
4581201
4581211
4584889
4585327
4585839
4586094
4588047
4588095
4633350
4637970
4638069
4638368
4638393
4638698
4639120
4639149
4639283
4639908
4640206
4640843
4640983
4640996
4641584
4643593
4643881
4644217
4644327
4644604
4644642
4645142
4645492
4645961
4646077
4646135
4646581
4646773
4646835
4647202
4647399
4647922
4648759
4649300
4649302
4649543
4649820
4649925
4650607
4650927
4651163
4651651
4651916
4655956
4656008
4658746
4659184
4659416
4659778
4659915
4660205
4660434
4660483
4661205
4661879
4662152
4662363
4662814
4662869
4663168
4663775
4663894
4663943
4664380
4664466
4665021
4665343
4667875
4668005
4668444
4669865
4670032
4670318
4670736
4671874
4672082
4672626
4672699
4673116
4673751
4677194
4677820
4678188
4678455
4679842
4680649
4681408
4681906
4681993
4682462
4682854
4726015
4726435
4730818
4731622
4731961
4732163
4732190
4732363
4732693
4733082
4733219
4735672
4736349
4736809
4737354
4737685
4738072
4738364
4739323
4739347
4739982
4740364
4740500
4741026
4741541
4741748
4741940
4742316
4742909
4743116
4743513
4743857
4750012
4750803
4751368
4751423
4751479
4751492
4752155
4752361
4752419
4753142
4753609
4753678
4753734
4753903
4755297
4755459
4755470
4755724
4755895
4756466
4756833
4757693
4758061
4758092
4758298
4758634
4760746
4760772
4761588
4762048
4762239
4763003
4763977
4768461
4770589
4770934
4771201
4771202
4771512
4771739
4772299
4772672
4772851
4773063
4773270
4773376
4773395
4774793
4775398
4813497
4813660
4813961
4814305
4814502
4814510
4816116
4818576
4818971
4819376
4819602
4819682
4820239
4820550
4824247
4824814
4826774
4826941
4827666
4827852
4828173
4830185
4830190
4830550
4831272
4831515
4831649
4832254
4833352
4839899
4839996
4840065
4840327
4842060
4842503
4842521
4842612
4843575
4843605
4843795
4844022
4844368
4844682
4845277
4845295
4845508
4846450
4847208
4847646
4847722
4847801
4848179
4848215
4848328
4848424
4848729
4850046
4850194
4850231
4850377
4850450
4850488
4850494
4850671
4850843
4850888
4850931
4851762
4851994
4852496
4852793
4852945
4857211
4857333
4857398
4858986
4859113
4860711
4860744
4861364
4861536
4861736
4861743
4862303
4862717
4863001
4863018
4863192
4863614
4863918
4901776
4901971
4901974
4903203
4904281
4904844
4907150
4907266
4907577
4908522
4908618
4908772
4908820
4909065
4909215
4912090
4912180
4912254
4912275
4912456
4912474
4912721
4913010
4913862
4914837
4914942
4915023
4915399
4915419
4916457
4916520
4916869
4917627
4917658
4917989
4918056
4918278
4918548
4919184
4919405
4919512
4920851
4921090
4921873
4921935
4922498
4927585
4927841
4927860
4927964
4928553
4928560
4928898
4929989
4930424
4930473
4930700
4930917
4931661
4931722
4931827
4932232
4932309
4932500
4933104
4933446
4933568
4934436
4934790
4934807
4934964
4935292
4935316
4935940
4936001
4936186
4936537
4936635
4936897
4937192
4937340
4938993
4939534
4939537
4939539
4940297
4940698
4940956
4945649
4945838
4946421
4946488
4946734
4947781
4947794
4948680
4949045
4949679
4949940
4950020
4950910
4951148
4951372
4951776
4952630
4988995
4989063
4989349
4990105
4990977
4995242
4995318
4997227
4999999
5003319
5003670
5003892
5004159
5004281
5004695
5004698
5005209
5005324
5006535
5007386
5007445
5007992
5008408
5008657
5008846
5009189
5009189
5009189
5009189
5009806
5015057
5015088
5015145
5015146
5015719
5015835
5015890
5015948
5016009
5016053
5016163
5017363
5017687
5018217
5018826
5019399
5019736
5020329
5020339
5020480
5021172
5021432
5021623
5021870
5022113
5022454
5022557
5023252
5023976
5024448
5024450
5024641
5025294
5025675
5026088
5026473
5031710
5032842
5032961
5033073
5034263
5035733
5035972
5037114
5037443
5037621
5038412
5039222
5039489
5039687
5039969
5040269
5040936
5041658
5041835
5041916
5042449
5042476
5042481
5077839
5078702
5079735
5079853
5080249
5085020
5087263
5087430
5088977
5089246
5089931
5090982
5091897
5092266
5093009
5093163
5093339
5093343
5093529
5093826
5094301
5094483
5094611
5094695
5094826
5094931
5095111
5095635
5095817
5096252
5096475
5096590
5096855
5097470
5097979
5098163
5098689
5103942
5104078
5105367
5105464
5105638
5105797
5105879
5106072
5106134
5106420
5106485
5106576
5106803
5107035
5107493
5107624
5108114
5108135
5108268
5108380
5108946
5109594
5109693
5110409
5110866
5111023
5111890
5112378
5112535
5112659
5113456
5113522
5113832
5113848
5113848
5113848
5113848
5115300
5115413
5120255
5120299
5120479
5120867
5121219
5121233
5121696
5121989
5125098
5125727
5125846
5125870
5125900
5126634
5128223
5128448
5128673
5129976
5130011
5130336
5131179
5131600
5164633
5164924
5166269
5166301
5167171
5167288
5167666
5171167
5171332
5171795
5172426
5174359
5177648
5178501
5178969
5179118
5179505
5179847
5180232
5181578
5181817
5181857
5182537
5182974
5183039
5183327
5183369
5183518
5183563
5183568
5183590
5183630
5183801
5184253
5184295
5184761
5184829
5185049
5185521
5185697
5185824
5186016
5186529
5192189
5192454
5193439
5193621
5193645
5194703
5194735
5195246
5195261
5197233
5197342
5197603
5198132
5198278
5198705
5199426
5199560
5199626
5200943
5201233
5201593
5201822
5201952
5202275
5202304
5202404
5202720
5207224
5207271
5207287
5207446
5208679
5208891
5210786
5211434
5211725
5213230
5213950
5214320
5215031
5215225
5215568
5216008
5216220
5216268
5216390
5216455
5217419
5217574
5217902
5218441
5218930
5219040
5219084
5219825
5219915
5220115
5220308
5220427
5220759
5252694
5252721
5252807
5254157
5255586
5255710
5256829
5257452
5260184
5263194
5263767
5264481
5264970
5265266
5265723
5265897
5267416
5268150
5268275
5269394
5269524
5270698
5270698
5270698
5270698
5270703
5271478
5271608
5271737
5271769
5271947
5272379
5272499
5272778
5272791
5272886
5273473
5273753
5274019
5281015
5281515
5281818
5281903
5281918
5281958
5282297
5282656
5282996
5283200
5283228
5283377
5283470
5283568
5284616
5284790
5284835
5285106
5286119
5286255
5286500
5287270
5287744
5287983
5288041
5288197
5288778
5289768
5289787
5289954
5290006
5294018
5294337
5294523
5294729
5295137
5295366
5295397
5297117
5297448
5297737
5298799
5298818
5298845
5298938
5300219
5300371
5302252
5302554
5302641
5303185
5303333
5303409
5303566
5304871
5305240
5305696
5306240
5306383
5306932
5307485
5307554
5307780
5307896
5308533
5309159
5309484
5309509
5340858
5342029
5343384
5347784
5349889
5350311
5350614
5350727
5351078
5351745
5351929
5352294
5353000
5353872
5353874
5354311
5354827
5356013
5357366
5357470
5357848
5357870
5358070
5358124
5358249
5358572
5358905
5359732
5360302
5360906
5360910
5361249
5363788
5369179
5369193
5369470
5369506
5369834
5369913
5370389
5370428
5370683
5372015
5372390
5373144
5373679
5373740
5375675
5375807
5376143
5376642
5377123
5377140
5377367
5381072
5383048
5383248
5383741
5383780
5384294
5385051
5385172
5385178
5387112
5387269
5387550
5387741
5388440
5388588
5388787
5389190
5389480
5389599
5389947
5390156
5390657
5390675
5391005
5391236
5391286
5391708
5392631
5393558
5394435
5394444
5394544
5394544
5394544
5394544
5394714
5394768
5395264
5395792
5397465
5426087
5427072
5427784
5430379
5431009
5431442
5435816
5435914
5436323
5436946
5437040
5437100
5437226
5437450
5437724
5438757
5439076
5439389
5440460
5440889
5441028
5441120
5441351
5441695
5442973
5443153
5444165
5444392
5445046
5445359
5445681
5445735
5445788
5446653
5449268
5449421
5449490
5449918
5449938
5450103
5450640
5450662
5450769
5456713
5456778
5456814
5456988
5457017
5457337
5459339
5459439
5459658
5460897
5461214
5461431
5461518
5461765
5462004
5462125
5462274
5462286
5462311
5462560
5462626
5466082
5466109
5466688
5466732
5469330
5469745
5470767
5471006
5471141
5471489
5472486
5472604
5473584
5474072
5474117
5474654
5474734
5475492
5476009
5476125
5476671
5476871
5477281
5477337
5477340
5477520
5477527
5477673
5477737
5477898
5478508
5479252
5479620
5479638
5479932
5480486
5481140
5481148
5481419
5510993
5513061
5513191
5513373
5513784
5513893
5514200
5514756
5514758
5514960
5515077
5515099
5515603
5516479
5516839
5516936
5517405
5520468
5521122
5521139
5521448
5521534
5521555
5521781
5521853
5522635
5522802
5522929
5524208
5524763
5524929
5524985
5525228
5525235
5525898
5526020
5526454
5526468
5529032
5529062
5529094
5529415
5529842
5529921
5530378
5530832
5531040
5531293
5534059
5534322
5534566
5535071
5535304
5535427
5535915
5536150
5536977
5541806
5542106
5542660
5542983
5543776
5543857
5543892
5543912
5544406
5544672
5544745
5544883
5545260
5545344
5546264
5546277
5546691
5547387
5547420
5547487
5550330
5551779
5551968
5552005
5552649
5553152
5555952
5556379
5557047
5557813
5558191
5558275
5558485
5558494
5559208
5559310
5559319
5560483
5562842
5563528
5563614
5563810
5564089
5564192
5564516
5564567
5565037
5565080
5565104
5565191
5565287
5565415
5565773
5565911
5566014
5566223
5566531
5567557
5567568
5568259
5596321
5596546
5597140
5597879
5598283
5599165
5599394
5599857
5600162
5600785
5601151
5602417
5606586
5606797
5607275
5607312
5607772
5607940
5609183
5610065
5610347
5610665
5611273
5611612
5611665
5612203
5612253
5612464
5613152
5614321
5615479
5615743
5615763
5615772
5616423
5616432
5617489
5617499
5617618
5620295
5620470
5620545
5620670
5620957
5621414
5621564
5621907
5622131
5622281
5622668
5622748
5622796
5622804
5623156
5623507
5628959
5629662
5629900
5630412
5630557
5630753
5630788
5630990
5631257
5631293
5631564
5632701
5632729
5632745
5633373
5636453
5636577
5636582
5637499
5638251
5638699
5639794
5640228
5640244
5640636
5641801
5643492
5643852
5644060
5644384
5645311
5645728
5647107
5648784
5648867
5649290
5649301
5649675
5649712
5649837
5651540
5653841
5653952
5682921
5683410
5683495
5683569
5683718
5683727
5684042
5684166
5685346
5685572
5685705
5686889
5686974
5687012
5687065
5687208
5687507
5687703
5687860
5687986
5688279
5689305
5689342
5689624
5689764
5693753
5693869
5694114
5694671
5694895
5694960
5694967
5695415
5695661
5696218
5696303
5696716
5697396
5697489
5697512
5697805
5698041
5698937
5699242
5699681
5700798
5701405
5701529
5702026
5702153
5702284
5702714
5705554
5705719
5705752
5705835
5705986
5706049
5706164
5706374
5706811
5706815
5706895
5707330
5707759
5707982
5708028
5708129
5708509
5709014
5709252
5709938
5715180
5716244
5716249
5716461
5716726
5716934
5717044
5717953
5718001
5718053
5718404
5721582
5723313
5723940
5724030
5724456
5726716
5727092
5727413
5727971
5729826
5729890
5729976
5730483
5730676
5731946
5732013
5732678
5733478
5735892
5735981
5736381
5736839
5738496
5739310
5767585
5767865
5768459
5768893
5769476
5769612
5770074
5771570
5771753
5771796
5772622
5772715
5772864
5773024
5773059
5773306
5773489
5773842
5773914
5774258
5774594
5774630
5774815
5774866
5774871
5774950
5779214
5779492
5779852
5780157
5780372
5780580
5781031
5781286
5781747
5781749
5782278
5782377
5782434
5782443
5782570
5782841
5783468
5783658
5783685
5783788
5783938
5784384
5785684
5786810
5787054
5787915
5788323
5790920
5791022
5791556
5791857
5792048
5792307
5792633
5792647
5792823
5792850
5793087
5793093
5793323
5793489
5794102
5794242
5794265
5794583
5794692
5795198
5795707
5801709
5802304
5802359
5803007
5806670
5807769
5808004
5808667
5808671
5809390
5810714
5811127
5812841
5814365
5814547
5816460
5816811
5816870
5817247
5817791
5818503
5818739
5818866
5819004
5819801
5820289
5820290
5820447
5822286
5822616
5822970
5823958
5853691
5854073
5854528
5854643
5856430
5857505
5857849
5857979
5858583
5858603
5858994
5859521
5859705
5860071
5860441
5860663
5860724
5860852
5860998
5865344
5865469
5865729
5866135
5866158
5866175
5866180
5866181
5866192
5866245
5866910
5867043
5867280
5867342
5867455
5869596
5872023
5872521
5872806
5873488
5875974
5876709
5876918
5876961
5877227
5877596
5878237
5878651
5879318
5879448
5879562
5879702
5879796
5880147
5880201
5880467
5881307
5881314
5881384
5881398
5882480
5882510
5887316
5887728
5887965
5888031
5891655
5891943
5892356
5892432
5892832
5892852
5893563
5894163
5894479
5894521
5894624
5894664
5894810
5895593
5895761
5895924
5897036
5897133
5898247
5898578
5898983
5899495
5902301
5903301
5903913
5905048
5905217
5905628
5906298
5906537
5906690
5906734
5906834
5936891
5937281
5937698
5937733
5939129
5939938
5941751
5942047
5943611
5943735
5943736
5944479
5944809
5949537
5949576
5949749
5949751
5949986
5950312
5950430
5950500
5950543
5952924
5953384
5953474
5954158
5954304
5954756
5954886
5955516
5955973
5956188
5956342
5956537
5957137
5957211
5960072
5960255
5960698
5960719
5961106
5962211
5963267
5963726
5964515
5964836
5965087
5965414
5965881
5966247
5966881
5967001
5967127
5972504
5975261
5976241
5976481
5976846
5978257
5978361
5978985
5979339
5980360
5980778
5981704
5983813
5984359
5984720
5985144
5985959
5987383
5990946
5991070
5991517
5991528
6019305
6019607
6019653
6020045
6020716
6021700
6021738
6024232
6024427
6025466
6026124
6026317
6026857
6028880
6028914
6029870
6032585
6032814
6033209
6033255
6033372
6033513
6033650
6034456
6034487
6034568
6034988
6035399
6036303
6036582
6037187
6037254
6037474
6037685
6039091
6039219
6041507
6041684
6042347
6042446
6042893
6043132
6043463
6043503
6043632
6044070
6044285
6044382
6044391
6044732
6045017
6045117
6045217
6045421
6045947
6046150
6046392
6046444
6046467
6046538
6046540
6046845
6046886
6046907
6047135
6047142
6047663
6047857
6048135
6049083
6049571
6050127
6057060
6057236
6057579
6057829
6057842
6057913
6058044
6058551
6059650
6059842
6060221
6060563
6061360
6061662
6061832
6062024
6062184
6062606
6062756
6063240
6063291
6063313
6064813
6065102
6065597
6065787
6066185
6066309
6066938
6066983
6067057
6068628
6070028
6070117
6070144
6070856
6070866
6071657
6071979
6072388
6099757
6100516
6100702
6101389
6101550
6101661
6101681
6102172
6104158
6104307
6104607
6104643
6104665
6105013
6105218
6106623
6106690
6106796
6106877
6106904
6107054
6107308
6109998
6110015
6110117
6113793
6114503
6114589
6114709
6114865
6114904
6116204
6116442
6116955
6117856
6118870
6118907
6119107
6119649
6119921
6122428
6122798
6123271
6123359
6124396
6125331
6125433
6125653
6125711
6126081
6126265
6126382
6126568
6127844
6128141
6128365
6128590
6129022
6129619
6129750
6130907
6131362
6131505
6137938
6137955
6138071
6138407
6139477
6139629
6139884
6139894
6140090
6140372
6140617
6140892
6141215
6141642
6141774
6141817
6141882
6142199
6143030
6143542
6145162
6145471
6145880
6146069
6147648
6147851
6149648
6150013
6152866
6181503
6181542
6181610
6182363
6182761
6183125
6183865
6183890
6183987
6184072
6184124
6184293
6185552
6185898
6186300
6187126
6187159
6187431
6187560
6188055
6190838
6191340
6196388
6196431
6197076
6197287
6197467
6197530
6197539
6198627
6198753
6198921
6199537
6199702
6200135
6200157
6203377
6203955
6204113
6204748
6205384
6205822
6206405
6206470
6206694
6206983
6207249
6207275
6207526
6207692
6208292
6208934
6209195
6209832
6210006
6211370
6211757
6212024
6212071
6212189
6212235
6213131
6213208
6213773
6220122
6220316
6220846
6221441
6221619
6221883
6222201
6222475
6223256
6223697
6224602
6225118
6225284
6225430
6225654
6228275
6229374
6230237
6230520
6230613
6231361
6231773
6231950
6232936
6233093
6263106
6263562
6264091
6264602
6265761
6266324
6266917
6267809
6267900
6268660
6268867
6271187
6271597
6272547
6272573
6272748
6276756
6276806
6277143
6277971
6278118
6278330
6278621
6278903
6279063
6279650
6280958
6283465
6283563
6283687
6283866
6284375
6285396
6285859
6285894
6285953
6285969
6286014
6286347
6287060
6287114
6287242
6287623
6287745
6287784
6288509
6288742
6289127
6289181
6289991
6290310
6290321
6290384
6290995
6292197
6292426
6292447
6292732
6293128
6293595
6293887
6294176
6294859
6294911
6295412
6301007
6301204
6303207
6303460
6303539
6304015
6304294
6304528
6305263
6305828
6306683
6307299
6307328
6308588
6308642
6308786
6309641
6309945
6309965
6310112
6310629
6310790
6310862
6310904
6311163
6311285
6311291
6311778
6311817
6312207
6312268
6313305
6313425
6313425
6313425
6313425
6314205
6314380
6314495
6341965
6342382
6344224
6344317
6344558
6345039
6346065
6347063
6347310
6347954
6350764
6350952
6351674
6351794
6352349
6352630
6352894
6353010
6353203
6356088
6356149
6356506
6356692
6356885
6356901
6357219
6357366
6357536
6357780
6358396
6358559
6359082
6359725
6359881
6362157
6362230
6362674
6363021
6363799
6363803
6364327
6365321
6365321
6365321
6365321
6365418
6365506
6366471
6366732
6367548
6367682
6367829
6368620
6369131
6369309
6369666
6369926
6370015
6370376
6371152
6371619
6371769
6371891
6372266
6372585
6373065
6373202
6373298
6373849
6381778
6381915
6382013
6383845
6384035
6384818
6385806
6386114
6386658
6387418
6387557
6387915
6388108
6388879
6389682
6389955
6389990
6390080
6390463
6390496
6390598
6390659
6390824
6391896
6418940
6421114
6421188
6421664
6422070
6422192
6423831
6424044
6424104
6424707
6424807
6424989
6425958
6426066
6428846
6429860
6430397
6431254
6431380
6431413
6431832
6431964
6432069
6435255
6435736
6435825
6435894
6436028
6436749
6436910
6437179
6437707
6437973
6440979
6441500
6441604
6441667
6442011
6442110
6442126
6443093
6444640
6445541
6445860
6446036
6446053
6446290
6446499
6447450
6447507
6449140
6449208
6449215
6449713
6449898
6450037
6450518
6450969
6451059
6451110
6452203
6452562
6461601
6462160
6462323
6463061
6463499
6464166
6464194
6464701
6464993
6465033
6465316
6465662
6465994
6466218
6466642
6467245
6467363
6467758
6467945
6468089
6468138
6468938
6470892
6471021
6471229
6471371
6471403
6496934
6497329
6500531
6500575
6500859
6501475
6502255
6502330
6502990
6503431
6503434
6503621
6503862
6503870
6505225
6507643
6508268
6508920
6509221
6509345
6509482
6509751
6509957
6510201
6510996
6511221
6511362
6511445
6515439
6516101
6516529
6516806
6516995
6519961
6520232
6520472
6520551
6520552
6521240
6521542
6521808
6522480
6522750
6523283
6523389
6524024
6524037
6525193
6525354
6526116
6526218
6526239
6526545
6526710
6526718
6526853
6527012
6527163
6527662
6527926
6527933
6528104
6528249
6528376
6528820
6529109
6529146
6529218
6529340
6529579
6529995
6530251
6530845
6530984
6531533
6531772
6531786
6531985
6535035
6535050
6535125
6541632
6541920
6541920
6541920
6541920
6542956
6543182
6543496
6543683
6543910
6544160
6544482
6545018
6545292
6546491
6546528
6546614
6546846
6547626
6547888
6547925
6548274
6548677
6549440
6549573
6551078
6579599
6580299
6580303
6580530
6584170
6584248
6584273
6584971
6585165
6585218
6586253
6586285
6586362
6587130
6587387
6591255
6591726
6591955
6592730
6592790
6593474
6593564
6593620
6594107
6594264
6594840
6594970
6595043
6595718
6599881
6600158
6600246
6600847
6603408
6603521
6603561
6604137
6604198
6604754
6605264
6605759
6605817
6606591
6607160
6607357
6607398
6608126
6608492
6609876
6609879
6610023
6610436
6610438
6610609
6611075
6611646
6612086
6613128
6613586
6613812
6613867
6614584
6614625
6614629
6615041
6615329
6619233
6619874
6619975
6619989
6620531
6620585
6620730
6620903
6621240
6627290
6627990
6628089
6628590
6629233
6630032
6631226
6631232
6632435
6632706
6633663
6633707
6633889
6635557
6636163
6665546
6668810
6669746
6671527
6671698
6671961
6672265
6672766
6674976
6675216
6675761
6676236
6676830
6677128
6677616
6677824
6678135
6678383
6678383
6678383
6678383
6678388
6678548
6678553
6678701
6678748
6679103
6679150
6679269
6679572
6680117
6680588
6680743
6681130
6681798
6685629
6688756
6689296
6689446
6689808
6689908
6689943
6690704
6691114
6691318
6691449
6691531
6691721
6691948
6692015
6692654
6692745
6692940
6693621
6693649
6693861
6693861
6693861
6693861
6694012
6694219
6694396
6694765
6697002
6697302
6697889
6698562
6698795
6699368
6699683
6699724
6700200
6700302
6700755
6700967
6701207
6701610
6704948
6705073
6705137
6706109
6707833
6707835
6708030
6708110
6715301
6715856
6715873
6716800
6717585
6717735
6720160
6720341
6720541
6751215
6751874
6752114
6752322
6752930
6753072
6753304
6755616
6755815
6757123
6757556
6757943
6758352
6758745
6758819
6758836
6761559
6761777
6761964
6762776
6762819
6762829
6763952
6764104
6764980
6765121
6765146
6765635
6767296
6767767
6773763
6774015
6774408
6774498
6774520
6774534
6774645
6775078
6775879
6776185
6776411
6776566
6776723
6778121
6779008
6779188
6779279
6779306
6779329
6779966
6780665
6780819
6781158
6781315
6781383
6781891
6782232
6782837
6782960
6783148
6783415
6783496
6783693
6784907
6785313
6786037
6786267
6786412
6786783
6787017
6789982
6790967
6791571
6792031
6792319
6792941
6793227
6793244
6793825
6793906
6793927
6793976
6794150
6795112
6802019
6802591
6803202
6804952
6805981
6806300
6836470
6836658
6836773
6837091
6837628
6838037
6838569
6838683
6838807
6841529
6841665
6841696
6841854
6841941
6842062
6842092
6842322
6842682
6843876
6844087
6846412
6846445
6846844
6847248
6847520
6848800
6849046
6849233
6849370
6849393
6850279
6850490
6850778
6851452
6851776
6851792
6852013
6852101
6853463
6854528
6854817
6859320
6859478
6859666
6859901
6859919
6860254
6860350
6860909
6860958
6861082
6862368
6862557
6862737
6863012
6863041
6863306
6863552
6864119
6865550
6866105
6866334
6866441
6866599
6867704
6867717
6868717
6869185
6869744
6870142
6870183
6870369
6871071
6871865
6875322
6875754
6877601
6877673
6878203
6878652
6878832
6878913
6879087
6879643
6879704
6879965
6880069
6880124
6880177
6881158
6881303
6881363
6881503
6889997
6890475
6890596
6922203
6922277
6922382
6922534
6922743
6923160
6923721
6924158
6924320
6927963
6928339
6928595
6928869
6928897
6929127
6929129
6929354
6929778
6929799
6930016
6932535
6932857
6933015
6933124
6933760
6934527
6935171
6935807
6936356
6937080
6937416
6937516
6937583
6937795
6938132
6938333
6938530
6938584
6939837
6939913
6940022
6940117
6940288
6940543
6940818
6940847
6941084
6944852
6945789
6946118
6946300
6946494
6946678
6946732
6948006
6948093
6948849
6949061
6949213
6949433
6950167
6950288
6950491
6950677
6950687
6950960
6951213
6951370
6951392
6951467
6952034
6952364
6952771
6953255
6953281
6953471
6953491
6953692
6954897
6956357
6956514
6957005
6960445
6960581
6960667
6960977
6961255
6961331
6962632
6963116
6963476
6964594
6965417
6966245
6966527
6966869
6967092
6974825
6975143
6975518
6975958
6976126
6976287
6976476
7007558
7007715
7008630
7008719
7009116
7009654
7013506
7014119
7014952
7017037
7017186
7017211
7017609
7017862
7018337
7018370
7018982
7019144
7019230
7019432
7019644
7020031
7020050
7021140
7021755
7023872
7024035
7024530
7025846
7026397
7030509
7030937
7030989
7031504
7031872
7032001
7032116
7032174
7032369
7033671
7034007
7034188
7034194
7034332
7035183
7035421
7035844
7035911
7036256
7036401
7036445
7036967
7037266
7037354
7037766
7038746
7038805
7039277
7039636
7041156
7041796
7044893
7044929
7045435
7047141
7047885
7048208
7049209
7049642
7049879
7050086
7052237
7053442
7060400
7060657
7060864
7061062
7090735
7091699
7091849
7092118
7092235
7093021
7093339
7093589
7094783
7094949
7097538
7097578
7097678
7097703
7097776
7097821
7097965
7101038
7101432
7101458
7102087
7103033
7103259
7103314
7104047
7104724
7104963
7106393
7106466
7106467
7106534
7107199
7107311
7107393
7107802
7107922
7108322
7109396
7110815
7115200
7115308
7115427
7115878
7116760
7116842
7116942
7116953
7117367
7118149
7118333
7118555
7118789
7119008
7119083
7119850
7119872
7120032
7120347
7120481
7120789
7120948
7120955
7121099
7121885
7122504
7122665
7122900
7123174
7123195
7123312
7123435
7123878
7124012
7124135
7124503
7124782
7129103
7129992
7130263
7130307
7130471
7130795
7131445
7133294
7133774
7133896
7134855
7134948
7135416
7136756
7137470
7138555
7173271
7173283
7174628
7174908
7174915
7175187
7175204
7176065
7176951
7177153
7177702
7177722
7181134
7183217
7183424
7183559
7184068
7185607
7186196
7186584
7186806
7187146
7187250
7187461
7188210
7188213
7188587
7188771
7188985
7189276
7189626
7190470
7190625
7191156
7191260
7191982
7192455
7198474
7199418
7199644
7199935
7200616
7200915
7201398
7201407
7201728
7201803
7201831
7201995
7202236
7202526
7202611
7202663
7202845
7202961
7203267
7204046
7204671
7204991
7205526
7205687
7205892
7205895
7206134
7206924
7207046
7207089
7207421
7207722
7207734
7211221
7211235
7211257
7211282
7211375
7211467
7211469
7211593
7211635
7211837
7211844
7212722
7212768
7212960
7213267
7213651
7214090
7214372
7215337
7215369
7215529
7217609
7217866
7220048
7220320
7220674
7220809
7221188
7255436
7255833
7256086
7256609
7256717
7256914
7256927
7257093
7258024
7259298
7265465
7266041
7266833
7266984
7267085
7267705
7267782
7268141
7269719
7271041
7271082
7271221
7271631
7271652
7271917
7272067
7273082
7273963
7273986
7274042
7281902
7281979
7282564
7282623
7282684
7282827
7283180
7283240
7283251
7283444
7283936
7284317
7284559
7285775
7286137
7286421
7286898
7287022
7287372
7287639
7287825
7288521
7288585
7288983
7289440
7292435
7292582
7293098
7293816
7294589
7295491
7296230
7298781
7300006
7300572
7300771
7301027
7301876
7302078
7302450
7305487
7334973
7335779
7336173
7336190
7336543
7336608
7337189
7337256
7337371
7337795
7339588
7339938
7339983
7340188
7340400
7340947
7341138
7341311
7341559
7341562
7345272
7345740
7346467
7347511
7347648
7348032
7348153
7348349
7349062
7349090
7350083
7351329
7352050
7352835
7353054
7353607
7353783
7354241
7354247
7357009
7357712
7358294
7362501
7362632
7363765
7363771
7363790
7363806
7363829
7363829
7363829
7363829
7363965
7364176
7364478
7364555
7365180
7365910
7366252
7366884
7366895
7367084
7367117
7367164
7367209
7367709
7367924
7368005
7368298
7368314
7369195
7369492
7369523
7369798
7372957
7373610
7373885
7374584
7375566
7375697
7375736
7375816
7376382
7376548
7377288
7378017
7378049
7378692
7379017
7380948
7381569
7381755
7381809
7384312
7384678
7384993
7385052
7386050
7386200
7386536
7386827
7387237
7387318
7387420
7416204
7417732
7418810
7418854
7419149
7419157
7419692
7420081
7420604
7421087
7421401
7421426
7421448
7421714
7422715
7423052
7423384
7423644
7426928
7427127
7427218
7427245
7427795
7428031
7429273
7429287
7429368
7429465
7429784
7429795
7430135
7430161
7430498
7430659
7430861
7431866
7432510
7432686
7433256
7433548
7433585
7433736
7434273
7435677
7439000
7439029
7439473
7440163
7440706
7445098
7445556
7447024
7448374
7449333
7449737
7450089
7450296
7450443
7451094
7451812
7451832
7454983
7455562
7455871
7456193
7456686
7457292
7457924
7458344
7458505
7459385
7461030
7461395
7461900
7463581
7463903
7465103
7465864
7465960
7465971
7466345
7466863
7466885
7469249
7469649
7469867
7470744
7499190
7499547
7499809
7500551
7501060
7501646
7501913
7504769
7504879
7505456
7505823
7506217
7506620
7509395
7509607
7509618
7509958
7510515
7511172
7511341
7511595
7512140
7513196
7513510
7514456
7515159
7515431
7515556
7515873
7516418
7516869
7517305
7517664
7517963
7518534
7519026
7522316
7522396
7522635
7522724
7522792
7522870
7523972
7528796
7528832
7528909
7529123
7529254
7529290
7529379
7530285
7530714
7531194
7531208
7531381
7532509
7532812
7533358
7533643
7533711
7533756
7534236
7537601
7538167
7538173
7538818
7538897
7540478
7540673
7541450
7542091
7545727
7546359
7546726
7547061
7547359
7547565
7548035
7549747
7552119
7553216
7553519
7582302
7583712
7585162
7585229
7585461
7585492
7587315
7587880
7588068
7588075
7588236
7592339
7592826
7592845
7594259
7594336
7595211
7595279
7595735
7595834
7596196
7596233
7596357
7596653
7596937
7597104
7597414
7598036
7598659
7598831
7598872
7598875
7599124
7602310
7602321
7602456
7602481
7603019
7603071
7603597
7603687
7604446
7604871
7609350
7610663
7611075
7611401
7612377
7612710
7613789
7613863
7616603
7617199
7618007
7618989
7619805
7620991
7622337
7625168
7625261
7626669
7626880
7627042
7627739
7629731
7630156
7630229
7630229
7630229
7630229
7630675
7658368
7658594
7658932
7659202
7659219
7659516
7659807
7659992
7660115
7660201
7660389
7661871
7661893
7662514
7662711
7663165
7663567
7663691
7663922
7663936
7664562
7667142
7668232
7668880
7669311
7670756
7670923
7671002
7671229
7671386
7671649
7672343
7672476
7672512
7672526
7672837
7672917
7673010
7673456
7673496
7674107
7674351
7676515
7676974
7677250
7677823
7677892
7678039
7678177
7678214
7678854
7679216
7679438
7679510
7679743
7679979
7680257
7680305
7684832
7684978
7685931
7686367
7687153
7687715
7688044
7690646
7690782
7691840
7691846
7691907
7692405
7692465
7692575
7693242
7693726
7694121
7694259
7694539
7694614
7694657
7695258
7695720
7695814
7696362
7697947
7699047
7700182
7701414
7702993
7703299
7703586
7708292
7708535
7709086
7729530
7729538
7730020
7730259
7732137
7733249
7733320
7733910
7734380
7734457
7734458
7734501
7735101
7735168
7738434
7738533
7739818
7741003
7741048
7741311
7741463
7741550
7742351
7743034
7743275
7743339
7744114
7744173
7746915
7747252
7747529
7747819
7747867
7748326
7748432
7749348
7749401
7749621
7749773
7749890
7750330
7750419
7751017
7751143
7751209
7751453
7751626
7752031
7752055
7756310
7756747
7756999
7757128
7757511
7760852
7761585
7762560
7762654
7763101
7763288
7763304
7763746
7764366
7765101
7765894
7766313
7766460
7767002
7767319
7767679
7767982
7768282
7768947
7769366
7769914
7770198
7771904
7778393
7779214
7779277
7779339
7779407
7779489
7779572
7779645
7797775
7798326
7799419
7799421
7799554
7800157
7800168
7800569
7800666
7800683
7801387
7803672
7804128
7805884
7807801
7807875
7807986
7808422
7808587
7808692
7808771
7808883
7810400
7810550
7810809
7811564
7811611
7811843
7811986
7812257
7812397
7812583
7813039
7813586
7815675
7817566
7817587
7818515
7818612
7818774
7819520
7819847
7821270
7821526
7825718
7826045
7826388
7826774
7830813
7831009
7831137
7832141
7832189
7832356
7832750
7833074
7833164
7833493
7833591
7833634
7834746
7834762
7834867
7835324
7835410
7836103
7836548
7836555
7836778
7836992
7837272
7837608
7838423
7838675
7838765
7839438
7840033
7840432
7840502
7841312
7841368
7841986
7842576
7846328
7846806
7847123
7847563
7847628
7847758
7848144
7848150
7849185
7849813
7866882
7867378
7867393
7867871
7868378
7868687
7868723
7868907
7869064
7869648
7869805
7869930
7870062
7870287
7870562
7870761
7871043
7871109
7871659
7871945
7871964
7872087
7872124
7872253
7872499
7872785
7875020
7875344
7875412
7875476
7877924
7878293
7880230
7880465
7880634
7880875
7880888
7881347
7881389
7881418
7882211
7885771
7886682
7886705
7887414
7887427
7887560
7888353
7888536
7888778
7888863
7890508
7890803
7898130
7898245
7898887
7899107
7899279
7899706
7900140
7900713
7900767
7900789
7900944
7901073
7901883
7902055
7902098
7902896
7903007
7903038
7903199
7903215
7903771
7904419
7904539
7904890
7905106
7905465
7905679
7906027
7906094
7906709
7906896
7908009
7908543
7909695
7910649
7910713
7914410
7914533
7914731
7915248
7915411
7915912
7916033
7916558
7916624
7916633
7916757
7918746
7935457
7935916
7936017
7936703
7937488
7937690
7937703
7938659
7938856
7938914
7939526
7941025
7941165
7941752
7943871
7944205
7944217
7944419
7946591
7946772
7946885
7947574
7947599
7947681
7948495
7948562
7948779
7949485
7949763
7951141
7953866
7953935
7954542
7954995
7955788
7955860
7956026
7956638
7956798
7956926
7958184
7958793
7958866
7958920
7958922
7959522
7959708
7960033
7960078
7960105
7960363
7960567
7960700
7967433
7968234
7968882
7969437
7970283
7970286
7970410
7970737
7971161
7971391
7971636
7971911
7973146
7973892
7974071
7974106
7974181
7974291
7974960
7975850
7976555
7977033
7977197
7977459
7978458
7978562
7978983
7979443
7983581
7983756
7984381
7985152
7985167
7985677
7986465
7987041
7988403
7988561
7988582
7989111
8004769
8005195
8005441
8005970
8006298
8006892
8006995
8007470
8008067
8008067
8008067
8008067
8008128
8008585
8008645
8009381
8009496
8009640
8012281
8013037
8013691
8013744
8016407
8017150
8018860
8018888
8018942
8019167
8019319
8022039
8022187
8022413
8022489
8022718
8023180
8023590
8024114
8024282
8024359
8024926
8024961
8025005
8025180
8025967
8026102
8026425
8026677
8027578
8028529
8028599
8028787
8028997
8029054
8029079
8029087
8029939
8030148
8035151
8036350
8036719
8036732
8037131
8037213
8037466
8037469
8037502
8037926
8037993
8038153
8038392
8038467
8038865
8039665
8040494
8041566
8041739
8042626
8042629
8042644
8043366
8043775
8044738
8044815
8046028
8046223
8046290
8046557
8047051
8052298
8052895
8053333
8053442
8054429
8054477
8054548
8054625
8056761
8057629
8058082
8059459
8059786
8073932
8074006
8074287
8074359
8074522
8074682
8074805
8075078
8075873
8076434
8076706
8076890
8078253
8078425
8078584
8078731
8081113
8081140
8081187
8081239
8081361
8081548
8081699
8081821
8082087
8082613
8082686
8082932
8083086
8084841
8085011
8085529
8086153
8086491
8086825
8087039
8087092
8087765
8090349
8090616
8091343
8091757
8091967
8092039
8092402
8092459
8093243
8093662
8093665
8093755
8094121
8095099
8095828
8095835
8096582
8096615
8097040
8097705
8098253
8098428
8098594
8098828
8099023
8099329
8099476
8104054
8104162
8104995
8105337
8105522
8105677
8105778
8106772
8107380
8107571
8107841
8108901
8108989
8108997
8109009
8109103
8110114
8111311
8111357
8111437
8111512
8111858
8112431
8112446
8113359
8114890
8115099
8115187
8115573
8115638
8115767
8116067
8116267
8116272
8119898
8119959
8120043
8120380
8120832
8120907
8120994
8121108
8121763
8122361
8122478
8122727
8122754
8123051
8124820
8126029
8126283
8126311
8126490
8126558
8128189
8129547
8129760
8142136
8142483
8142683
8143096
8143552
8143646
8144222
8144438
8144462
8144955
8145182
8145204
8145686
8145958
8146734
8148605
8149083
8149518
8150075
8150444
8150669
8151114
8153533
8153633
8155160
8155673
8155713
8155736
8159405
8160897
8161808
8161830
8162049
8162780
8162960
8163071
8163104
8163230
8164012
8164226
8164655
8165399
8165434
8165664
8166080
8166108
8166469
8166731
8166873
8167007
8167065
8167110
8172377
8172887
8173133
8173808
8174162
8174221
8174292
8174317
8174723
8175302
8176019
8176323
8176353
8176648
8176742
8177820
8177892
8178345
8178616
8179188
8179277
8179320
8179407
8179446
8180153
8180290
8182250
8182999
8183705
8184081
8189284
8189438
8190613
8191871
8192575
8192706
8192861
8193178
8196226
8196684
8196750
8197440
8197739
8210432
8211722
8211889
8212318
8212444
8212826
8213825
8214211
8214307
8216446
8216735
8217220
8218307
8218438
8219407
8219681
8221907
8221966
8222180
8222395
8222422
8222739
8222960
8222975
8223183
8223642
8223872
8225837
8226853
8226887
8227235
8228302
8228624
8229504
8230128
8230813
8230865
8230921
8231797
8231830
8232306
8232372
8233593
8234190
8234729
8234817
8234859
8234997
8235150
8235797
8236020
8236153
8236204
8236226
8240971
8241079
8241082
8241307
8241347
8241497
8241503
8241578
8242457
8242664
8244406
8245166
8245192
8245196
8245601
8246365
8246379
8246644
8246650
8246781
8246860
8246897
8247227
8247647
8248046
8248447
8248700
8248927
8248937
8249914
8250116
8251027
8254512
8254706
8256638
8258256
8259897
8261126
8261168
8262608
8262708
8263033
8263528
8263547
8263815
8263835
8263971
8264298
8264335
8264358
8264726
8265525
8265931
8266180
8266271
8266364
8276811
8276907
8277626
8277822
8278371
8278838
8280325
8282602
8282947
8282954
8283255
8283850
8283925
8284017
8284166
8284259
8284814
8284817
8284886
8285426
8288391
8289059
8289558
8291982
8292836
8292923
8293511
8295379
8297191
8297289
8297506
8297569
8298090
8298236
8298603
8298725
8299279
8299715
8300100
8300199
8300697
8301358
8301568
8302223
8302431
8307242
8307824
8307903
8308302
8308309
8308361
8308684
8308823
8308979
8310050
8310115
8310753
8311421
8312226
8312411
8312493
8312552
8312731
8312853
8312869
8312970
8313587
8313667
8315237
8315761
8322375
8322447
8324032
8326009
8326273
8328124
8328323
8328701
8329578
8330113
8330123
8330287
8330409
8331175
8332371
8332394
8344004
8344446
8344972
8345170
8346284
8348442
8348873
8349192
8349344
8350067
8350389
8350397
8351256
8351578
8351707
8351986
8352009
8352555
8354883
8354884
8355178
8355204
8355300
8355460
8355537
8358185
8358272
8358424
8359387
8360304
8360815
8360911
8360926
8361236
8361237
8362243
8362858
8362868
8363084
8363482
8363759
8364115
8364169
8364435
8364649
8364923
8365357
8365853
8365974
8366272
8366957
8367655
8367679
8368167
8373837
8374139
8374203
8374321
8375394
8375494
8375753
8377136
8377867
8378779
8378912
8379065
8379308
8379412
8379521
8380308
8380692
8380913
8380996
8381032
8381693
8386070
8386322
8389343
8391541
8392631
8393626
8394475
8394810
8395452
8395456
8395593
8395870
8395962
8396113
8396143
8408880
8409074
8409135
8409478
8409588
8409999
8410257
8411245
8413675
8413815
8413972
8414034
8414120
8414194
8415290
8415344
8415624
8416326
8416484
8416858
8417171
8418062
8418193
8420720
8420935
8423038
8423250
8423494
8423664
8424045
8424422
8424589
8425723
8425931
8426084
8426291
8426985
8428049
8428585
8428642
8428737
8429087
8429240
8429377
8429586
8430283
8430358
8430887
8431136
8432298
8432513
8432792
8432920
8432969
8433003
8435133
8439396
8439520
8441543
8442853
8444013
8444309
8444703
8444831
8445052
8445461
8445909
8446099
8446200
8446948
8447003
8453796
8454067
8458731
8458740
8458918
8459744
8460645
8462393
8463087
8474659
8474662
8475076
8475663
8475898
8476113
8476370
8476457
8478250
8478771
8478870
8478920
8479728
8479852
8480435
8481103
8481162
8481242
8481416
8482127
8482529
8487534
8490924
8490980
8491013
8491309
8491429
8491472
8491748
8493243
8493781
8494398
8494769
8495326
8495644
8496753
8497012
8499816
8499946
8500505
8500822
8501062
8505102
8505552
8505556
8505585
8505600
8505643
8506066
8506454
8506472
8506955
8507076
8508192
8508210
8508362
8508489
8508775
8510160
8510495
8515104
8518487
8519210
8522218
8523390
8524300
8526143
8526865
8526925
8527048
8527086
8538742
8538925
8538984
8540081
8540664
8540869
8542642
8542749
8542853
8543142
8543267
8543492
8543510
8543911
8544121
8544550
8544875
8545075
8545789
8546512
8546931
8548069
8548081
8548358
8548403
8548454
8551922
8552258
8552999
8553096
8553949
8554096
8554249
8554384
8554430
8554732
8554806
8554853
8554938
8556196
8556222
8556285
8557374
8558081
8558791
8558997
8559403
8559589
8559779
8560039
8560285
8560480
8560940
8561225
8561625
8563810
8563871
8564052
8564107
8564261
8564441
8564672
8564675
8564955
8565682
8570087
8570210
8570440
8570901
8571127
8571146
8571696
8571822
8572225
8572320
8572815
8572936
8573782
8574092
8574261
8574290
8574637
8574951
8574985
8575000
8579627
8579930
8580531
8580834
8581078
8582291
8584610
8587535
8587994
8589022
8589524
8590910
8590978
8591109
8591609
8603911
8604104
8604158
8604308
8604912
8605019
8605196
8605276
8605313
8605330
8605390
8607778
8607859
8608137
8608181
8608624
8609043
8609317
8609986
8610634
8611253
8611832
8613204
8613329
8616553
8616755
8616881
8616931
8617324
8617331
8618024
8618268
8618736
8618872
8619378
8619739
8620565
8620744
8620834
8621637
8621731
8621781
8621939
8622342
8622563
8622875
8624393
8625079
8625743
8625846
8625941
8625966
8625973
8628647
8628758
8629314
8629380
8629597
8629795
8630330
8630338
8630734
8631371
8631480
8635480
8636245
8637330
8637630
8638548
8638809
8638974
8638992
8639083
8639443
8639548
8639886
8639888
8639997
8643679
8643814
8643880
8644505
8644954
8645067
8651012
8651088
8651099
8652532
8652620
8653777
8654016
8654484
8655903
8656372
8668720
8669092
8671919
8672337
8673495
8673564
8673909
8674352
8675365
8675428
8675829
8676033
8676080
8676627
8677016
8677400
8677504
8677628
8678227
8678345
8678461
8681120
8681969
8682858
8683889
8684224
8684519
8685320
8685451
8685497
8685913
8685923
8686097
8686097
8686097
8686097
8686614
8686841
8686902
8687011
8687139
8687736
8689549
8690223
8690455
8690470
8692679
8693691
8694219
8694628
8695311
8696296
8696444
8700586
8701922
8702198
8707795
8708048
8708671
8709593
8714686
8715857
8718489
8733703
8735980
8736864
8737042
8737124
8737567
8738046
8738531
8738623
8738807
8738966
8739246
8740715
8740909
8740973
8741167
8742590
8742653
8742776
8742834
8743043
8743126
8743145
8745828
8746144
8746479
8747295
8747700
8747899
8748108
8748184
8748262
8748636
8749052
8749073
8749189
8749330
8749424
8749479
8750043
8750209
8750585
8750867
8750934
8752048
8752176
8752343
8752763
8752841
8752914
8753657
8753657
8753657
8753657
8754316
8754662
8756814
8756942
8756953
8757519
8757649
8758303
8758329
8758356
8758364
8759163
8759645
8760634
8760662
8760749
8771925
8772228
8774042
8775099
8776961
8777770
8779965
8782004
8782055
8782382
8783707
8784090
8801099
8801532
8801774
8803757
8803762
8804805
8805179
8805437
8806160
8806389
8806519
8806996
8807232
8807242
8807298
8807357
8807711
8808187
8811724
8811928
8811954
8812006
8812498
8812578
8813146
8813232
8813404
8813491
8813748
8813788
8814458
8815048
8815143
8815883
8816315
8817012
8817145
8817487
8817551
8818095
8822186
8822504
8823866
8824413
8824488
8824545
8824612
8825143
8825477
8825564
8825822
8826168
8826689
8827500
8827519
8827558
8827740
8828143
8831841
8831932
8832096
8836949
8838190
8838463
8838515
8841297
8841838
8842253
8843235
8843356
8843687
8845206
8845490
8845750
8845826
8847906
8848271
8867277
8867567
8867584
8867724
8867857
8868244
8868342
8868686
8869150
8870437
8870849
8871258
8871414
8871920
8872145
8872620
8873113
8873134
8873583
8878397
8878517
8878849
8879337
8880077
8881633
8881894
8882276
8883245
8884361
8884608
8884632
8884985
8885419
8885449
8885807
8885868
8888469
8888945
8888956
8888967
8890417
8891283
8891292
8891700
8891846
8892664
8892720
8893422
8893761
8893823
8893869
8894433
8894914
8895029
8895406
8896488
8899548
8903271
8903368
8903821
8906372
8908305
8910904
8913956
8914238
8915593
8933215
8933242
8933380
8933454
8933679
8933912
8934173
8934193
8934486
8935673
8935747
8936343
8936671
8936886
8937706
8938675
8939234
8939389
8939615
8939650
8939837
8940464
8940961
8941328
8941481
8941484
8946349
8946524
8947409
8949909
8949910
8949921
8950191
8950387
8950629
8950952
8951322
8951437
8951567
8951638
8951684
8951797
8952009
8952085
8952677
8952713
8952947
8953146
8955540
8956533
8956547
8957663
8957759
8957979
8958079
8958134
8958474
8958616
8959431
8959896
8960299
8960810
8960912
8961210
8961923
8963359
8963600
8963863
8963968
8964174
8964421
8970967
8971421
8972123
8974977
8979238
8979617
8979757
8980339
8980565
8980850
8982282
8982981
8983492
8983652
8984995
9002104
9002160
9002170
9002493
9003734
9005966
9006716
9008958
9009362
9012065
9012121
9012240
9015706
9015892
9016592
9016599
9016692
9017489
9017726
9018496
9019366
9019565
9019590
9020103
9020345
9020346
9020383
9020502
9021047
9021667
9022056
9022120
9022206
9025077
9025426
9025874
9026187
9026233
9026721
9026975
9027445
9027446
9027583
9027745
9028034
9028111
9028495
9028595
9028927
9029259
9029390
9029559
9030445
9030537
9030808
9030870
9031064
9031520
9031642
9032410
9032478
9033007
9033290
9033328
9033347
9033789
9034040
9034370
9040536
9040656
9041133
9041967
9042207
9042659
9043925
9048070
9048243
9048483
9049163
9049839
9050558
9050860
9052582
9052612
9052848
9053996
9071104
9071286
9071359
9071361
9071369
9071839
9071946
9071951
9072875
9073206
9073854
9073985
9074282
9075048
9075103
9075187
9075371
9075426
9075962
9076371
9076541
9076617
9076772
9076840
9077306
9077341
9077348
9078035
9079869
9084453
9084546
9084635
9084848
9085039
9085827
9086154
9086571
9086900
9087409
9087428
9088129
9088583
9088702
9088823
9091150
9091844
9091949
9092257
9092562
9092670
9092744
9093086
9094061
9094336
9094369
9094773
9095045
9095405
9097022
9097188
9097199
9097847
9098294
9098294
9098294
9098294
9098535
9099452
9099455
9099584
9099607
9099797
9099831
9099894
9100792
9101000
9101055
9101339
9101506
9101525
9107013
9108477
9108520
9109926
9110499
9110944
9113600
9113910
9114478
9115529
9115696
9117366
9117539
9117692
9117806
9118443
9118595
9118734
9137443
9137757
9138727
9139913
9140958
9140992
9141136
9141503
9141764
9141881
9142010
9142296
9142980
9143353
9145622
9145651
9145658
9145980
9146481
9147029
9147268
9150264
9150600
9150951
9151132
9151190
9152270
9152584
9152999
9153246
9153976
9154023
9156796
9156839
9156859
9157723
9157988
9159472
9160137
9160544
9160630
9161286
9162276
9163331
9163535
9163661
9164207
9164295
9164315
9164352
9165269
9165513
9165620
9166138
9166215
9166595
9172009
9172117
9172475
9172525
9172758
9173604
9173769
9173816
9173985
9174478
9175554
9175592
9179191
9180700
9181083
9181883
9182039
9182562
9183249
9202006
9202205
9202463
9203369
9203379
9203802
9204259
9204313
9204526
9204850
9204919
9205068
9205090
9205799
9205826
9206046
9206557
9207362
9209012
9209090
9210192
9210387
9210639
9210688
9211378
9214402
9214513
9214608
9217020
9217100
9220259
9220441
9220531
9220896
9221268
9221312
9221694
9222097
9222625
9222859
9225534
9225651
9226030
9226327
9226339
9227847
9228083
9228261
9228998
9229554
9229560
9229632
9236789
9239061
9239434
9241841
9242361
9242927
9243052
9243061
9245785
9246221
9246349
9246353
9264466
9264576
9264619
9264731
9266926
9267227
9267353
9267809
9267821
9267937
9268236
9268611
9269102
9269288
9269441
9270029
9270206
9271750
9271833
9272055
9272837
9273120
9273470
9273802
9274000
9274184
9277659
9277961
9278818
9279451
9279666
9279937
9280013
9283168
9283616
9283708
9283821
9283826
9283840
9284114
9284450
9284561
9284920
9284921
9284989
9285265
9285667
9285773
9285848
9285901
9286461
9287712
9287938
9288072
9288124
9288449
9289817
9290087
9290267
9290516
9290941
9290971
9291039
9291402
9291652
9292240
9299787
9300457
9301511
9301673
9306271
9307823
9308124
9308142
9308289
9325885
9327110
9327408
9327411
9328908
9329241
9329445
9330572
9330740
9332668
9333610
9334679
9334878
9335224
9335684
9339873
9340478
9340546
9340611
9340980
9341087
9343905
9343970
9344566
9345112
9346018
9346156
9346248
9347508
9347970
9348093
9348133
9348862
9349213
9350249
9350264
9350907
9351730
9351920
9351979
9353216
9353875
9363924
9364643
9366785
9366914
9366994
9367040
9368574
9386270
9388747
9389245
9389856
9390649
9390777
9390846
9391335
9391742
9391965
9392586
9392694
9392995
9393031
9394768
9395024
9395787
9396288
9396392
9396483
9397038
9397624
9398171
9398526
9401920
9402124
9402130
9402566
9405271
9405359
9405945
9406847
9407198
9407689
9407777
9408283
9408440
9409106
9410349
9410409
9410422
9410558
9410745
9410930
9410997
9412131
9412182
9412189
9412533
9413102
9413794
9414180
9414522
9414557
9414905
9427144
9427232
9428039
9429266
9429529
9429976
9430017
9446819
9447403
9447428
9447560
9449702
9450587
9450735
9452101
9453109
9453355
9453370
9453513
9455293
9455400
9455428
9455619
9455677
9455994
9456058
9456175
9456489
9456726
9456734
9457036
9457067
9457948
9458127
9458227
9458749
9458939
9459171
9459456
9459659
9463126
9463266
9463288
9463321
9463385
9465589
9466042
9466647
9467522
9467801
9467904
9467966
9468112
9468131
9468393
9469187
9469261
9469305
9469455
9469556
9469877
9469973
9470002
9470099
9470323
9471300
9471626
9471774
9472034
9472484
9472488
9472521
9472973
9473385
9473570
9474743
9475029
9475042
9475046
9475504
9476011
9476025
9487902
9487931
9488563
9488736
9489551
9489970
9490169
9490725
9491080
9491189
9491677
9508321
9508341
9509071
9512571
9512600
9513644
9514245
9514312
9514855
9517098
9517722
9517843
9518033
9518230
9518651
9519422
9519452
9520013
9520088
9520800
9521119
9521471
9526763
9527194
9527449
9527462
9527568
9527632
9527642
9527768
9529003
9529771
9530984
9532280
9532345
9532885
9533251
9533306
9533529
9533571
9533807
9533890
9534014
9534047
9535453
9535663
9536723
9536796
9536836
9537008
9549551
9550993
9551179
9552905
9569421
9569450
9569904
9570436
9570519
9570737
9570837
9570870
9571074
9573740
9573863
9573937
9574280
9574325
9575937
9577855
9580316
9580362
9580439
9580980
9581008
9581319
9581365
9581617
9581629
9581993
9582058
9582136
9582496
9582790
9583284
9583331
9583496
9589556
9589562
9590139
9590158
9590257
9590814
9591503
9592205
9592327
9592370
9592422
9593460
9593736
9593921
9594379
9594388
9595474
9595979
9596294
9597089
9597114
9597405
9597411
9597472
9597735
9612178
9612852
9613410
9614283
9630571
9630929
9630943
9630992
9631058
9631060
9631279
9631947
9632205
9632577
9632669
9634741
9635194
9635263
9635298
9636090
9636415
9636957
9637132
9637299
9639324
9640123
9640798
9640883
9641144
9642354
9642631
9642648
9642702
9642712
9642788
9643261
9643591
9643770
9643876
9644803
9645255
9645402
9649643
9649683
9649689
9649809
9649839
9649855
9650369
9650547
9651077
9651306
9652261
9652701
9653134
9653496
9653654
9654415
9655099
9655326
9655523
9655792
9655957
9656022
9656572
9657192
9657782
9657872
9658096
9658144
9658273
9658377
9673002
9673497
9673921
9674344
9691494
9692084
9692373
9692557
9693006
9693231
9693791
9693812
9693909
9694314
9696771
9696898
9696997
9700449
9700909
9701548
9701656
9702084
9702540
9702598
9702641
9702752
9702770
9702945
9703255
9704039
9704094
9704124
9704261
9704535
9704641
9705183
9705571
9706017
9706169
9706447
9706596
9706639
9706901
9707035
9707276
9710436
9711652
9711852
9712730
9712774
9712856
9713157
9713349
9713668
9714325
9715022
9715242
9715278
9715447
9716121
9716146
9716169
9717563
9718191
9718359
9718379
9719064
9752032
9753528
9757435
9757469
9757845
9757944
9758420
9758497
9760326
9760327
9760444
9761179
9761198
9761600
9761615
9762390
9763197
9763754
9764844
9764913
9766237
9766419
9767202
9767287
9767583
9767927
9767969
9770862
9771307
9771654
9772079
9772174
9772195
9772611
9772653
9772885
9773162
9773508
9773569
9773794
9774047
9774082
9774421
9774430
9774675
9775114
9775223
9775264
9775291
9775321
9776509
9776782
9777601
9777716
9777996
9778218
9778300
9778352
9778406
9778522
9778614
9778716
9778736
9812086
9813865
9813889
9814205
9814291
9815640
9818107
9818129
9818275
9820558
9820681
9820769
9820941
9821777
9821808
9821861
9822774
9822837
9823545
9823634
9824180
9824211
9824288
9825180
9826107
9827024
9827120
9827577
9827711
9827890
9828045
9828055
9828338
9832744
9832905
9833005
9833055
9833258
9833967
9834040
9834084
9834272
9834545
9835819
9836149
9836357
9836484
9836512
9836780
9837548
9837615
9837722
9837777
9838026
9838047
9838084
9838282
9839013
9839282
9839533
9840159
9840215
9840226
9840278
9872254
9872337
9872452
9872770
9872988
9873784
9874479
9874543
9875201
9875835
9875854
9880161
9881137
9881140
9881227
9881932
9882234
9882354
9883347
9883704
9883937
9884176
9885145
9886244
9886691
9886999
9887548
9887628
9887687
9892471
9892700
9893151
9893177
9893627
9893840
9894383
9895031
9895037
9895284
9895431
9895760
9896532
9896712
9896996
9897060
9897562
9898127
9898713
9898800
9899076
9899711
9932231
9932305
9932450
9933368
9933425
9933793
9934011
9934201
9935983
9936004
9936521
9936959
9941810
9941859
9941859
9941859
9941859
9942658
9943708
9944137
9944258
9944356
9944359
9944682
9944736
9945045
9945692
9946664
9946670
9947329
9947709
9948128
9948272
9950316
9953759
9955492
9955569
9956730
9956941
9957525
9957597
9958886
9959089
9959093
9959095
9959608
9959853
9991230
9991332
9991399
9991498
9991696
9992486
9992694
9992987
9993077
9993211
9995006
9995689
10000083
10000330
10001717
10002816
10003746
10004546
10004928
10004962
10005367
10005646
10005690
10006254
10007104
10007301
10007940
10010436
10010440
10011078
10014574
10014578
10014628
10014689
10015383
10016175
10016867
10016929
10018363
10018842
10018857
10019205
10019708
10019950
10020000
10020230
10053138
10053448
10053852
10054420
10055853
10056012
10056387
10057052
10057341
10057597
10057661
10058384
10063518
10063527
10063871
10064130
10064558
10065638
10065700
10066483
10067180
10067424
10067503
10069309
10070180
10070197
10070588
10070859
10070982
10071237
10073376
10073642
10073654
10073715
10074317
10074653
10074716
10074812
10074938
10075065
10075292
10078984
10078987
10079723
10080196
10080218
10080411
10080743
10080862
10080869
10080968
10081320
10081449
10081982
10082120
10082879
10083197
10083899
10118525
10118733
10118790
10119489
10119885
10121268
10121377
10121431
10121888
10121916
10122175
10122336
10122955
10123716
10124611
10125256
10125352
10125510
10127978
10128164
10128463
10128618
10129779
10129856
10129857
10129859
10130754
10132095
10132220
10132416
10132734
10133423
10133712
10134152
10134709
10134974
10135518
10135563
10139345
10139935
10140449
10140657
10140843
10141006
10141556
10146475
10147276
10147472
10147488
10147550
10147634
10147959
10148249
10148445
10148568
10148572
10149379
10149928
10185694
10186328
10186389
10187106
10187180
10187218
10187563
10187896
10188583
10188647
10189191
10189205
10189889
10190481
10190536
10190916
10190957
10191248
10191846
10192481
10192601
10193015
10195980
10196784
10198349
10198472
10198664
10198696
10198964
10199493
10199572
10199661
10199948
10199966
10199977
10200397
10200522
10200837
10200957
10201604
10202772
10203114
10203532
10206220
10208046
10208053
10208103
10208417
10208944
10209239
10212575
10213263
10213470
10213752
10213964
10214101
10214654
10215469
10215622
10215673
10215913
10215999
10216038
10252082
10252165
10252188
10252413
10252632
10253404
10253888
10254129
10254261
10254547
10255699
10256546
10257034
10258002
10258550
10258788
10258905
10258928
10259010
10259354
10262449
10262518
10262826
10263500
10263570
10263625
10263823
10264099
10264140
10264318
10264489
10264573
10264871
10264903
10265249
10266495
10266638
10266705
10266725
10266838
10269290
10269418
10269696
10272125
10272161
10272442
10272501
10272737
10272849
10273355
10273903
10273978
10275409
10279656
10279686
10280371
10280866
10281221
10281489
10281895
10318274
10318575
10318646
10318694
10319250
10319385
10319721
10319796
10321064
10321299
10322020
10322827
10322987
10323250
10324657
10324708
10324773
10328559
10329189
10329265
10329956
10330073
10330918
10330934
10331563
10332132
10332380
10333569
10336927
10336977
10337365
10337673
10338186
10339124
10339390
10339575
10341225
10341270
10341876
10342385
10346350
10347308
10347415
10382503
10383640
10383958
10384134
10384546
10384820
10384911
10384914
10385085
10385087
10385371
10385673
10386155
10386182
10386314
10387742
10387773
10387776
10387856
10388508
10388710
10389884
10393906
10394063
10394581
10394627
10394948
10395028
10395148
10395762
10395774
10395995
10396306
10396488
10396621
10396659
10396697
10396723
10396908
10396917
10397315
10398353
10398739
10398907
10398963
10399217
10399347
10405369
10405733
10406979
10448734
10448872
10449398
10449601
10449904
10450544
10452017
10452027
10452541
10452551
10453588
10454272
10454416
10456637
10456956
10459765
10460471
10460485
10460900
10461902
10462866
10464214
10464263
10464501
10464695
10464727
10467444
10468137
10468404
10468501
10469521
10470390
10470814
10470968
10471235
10471270
10472135
10472255
10472288
10472600
10473482
10477697
10513240
10514243
10514541
10514687
10514730
10515200
10515969
10516029
10516147
10516506
10516516
10516759
10516979
10518183
10518405
10519290
10519382
10519460
10519701
10519758
10521735
10524967
10525175
10525194
10525241
10525584
10526172
10526547
10527898
10527991
10528068
10528137
10529379
10532428
10532598
10533443
10534721
10535029
10535160
10535430
10535897
10536444
10536481
10537161
10538446
10538582
10538713
10539087
10577620
10579741
10579826
10582534
10583019
10583022
10585645
10586208
10586600
10586848
10587105
10590285
10590695
10591025
10591365
10592054
10592540
10592713
10592770
10593626
10593626
10593626
10593626
10593893
10593978
10596512
10598185
10598495
10599396
10599468
10600649
10601824
10602256
10602291
10602312
10602412
10602994
10603470
10603741
10604370
10604602
10643842
10644469
10644651
10644670
10646263
10647667
10648517
10651264
10651436
10652337
10652678
10653094
10653271
10656017
10657505
10657754
10657770
10658064
10658505
10658631
10661901
10661917
10663547
10663892
10665208
10665632
10666141
10666469
10666690
10666878
10667156
10667585
10667611
10667806
10668552
10669277
10709216
10710007
10710018
10710426
10711327
10711406
10712632
10713121
10713307
10714595
10714693
10716412
10717003
10717401
10717972
10718114
10718216
10718372
10718590
10722289
10723034
10723422
10723510
10723583
10723598
10723755
10724054
10724369
10724429
10724977
10727037
10727402
10728181
10728522
10728788
10729958
10730196
10731013
10731040
10732274
10732859
10733011
10733026
10733171
10733416
10733511
10733832
10734555
10735400
10735542
10735623
10735718
10737547
10775736
10778514
10778579
10779655
10782730
10782875
10782967
10783770
10783841
10783964
10783972
10783986
10784761
10785538
10785550
10788348
10788911
10790191
10790803
10793000
10793105
10793844
10793882
10793984
10794242
10794271
10794552
10794768
10795711
10797395
10797961
10798078
10798143
10798376
10798493
10798957
10799179
10799248
10799509
10800504
10800717
10800931
10801194
10801344
10801602
10801647
10801794
10801819
10801831
10802150
10802185
10803384
10841506
10841624
10841774
10841876
10842346
10843779
10843831
10844862
10844932
10845221
10845320
10845383
10847304
10847439
10848334
10848829
10849726
10850420
10854089
10854121
10854285
10854957
10857220
10858512
10859964
10859988
10860156
10860523
10861170
10861340
10862036
10862061
10862396
10862857
10863158
10863322
10863931
10864015
10864165
10864498
10864680
10864944
10865676
10865919
10866361
10866939
10866952
10867017
10902984
10904581
10904791
10905456
10905610
10905861
10905926
10907126
10907426
10907471
10907568
10907594
10908196
10908724
10908854
10909628
10909661
10909921
10910532
10910556
10910973
10911022
10913621
10913968
10914481
10917221
10917336
10917462
10917584
10919112
10919462
10919621
10920273
10920939
10921735
10921830
10921843
10921901
10922101
10923034
10923270
10924032
10924142
10924437
10924833
10928140
10928174
10928279
10959159
10960822
10960887
10961401
10962699
10963085
10963257
10963535
10964743
10965963
10965963
10965963
10965963
10966029
10966124
10966446
10966480
10966835
10966982
10966994
10967124
10969787
10969826
10969840
10969963
10971974
10972076
10972338
10972393
10972559
10972873
10972873
10972873
10972873
10972955
10973999
10974103
10974633
10976209
10976514
10976902
10977137
10978700
10978736
10978737
10978999
10979438
10979688
10980026
10982407
10982458
10982558
10982617
10982831
10983101
11013000
11013837
11014619
11014901
11015153
11016687
11018155
11018232
11019005
11019295
11019521
11019642
11019909
11019927
11020799
11020860
11020899
11020912
11021252
11021410
11021645
11025929
11025934
11026430
11027098
11027861
11027977
11028128
11028146
11028245
11028946
11029378
11029810
11031319
11031580
11031710
11031719
11032475
11032780
11032823
11032850
11032988
11033254
11033667
11033987
11036246
11036358
11036476
11036692
11036749
11037335
11037390
11037674
11037755
11038074
11067986
11068316
11068494
11068719
11068721
11069279
11069435
11069655
11069662
11070991
11072016
11072206
11072353
11072605
11073029
11073099
11073549
11073656
11074098
11074368
11075054
11075625
11075737
11075737
11075737
11075737
11076208
11076275
11076304
11079785
11081546
11081806
11081873
11082123
11082360
11082696
11083922
11084459
11086012
11086024
11086545
11086906
11087071
11087575
11087604
11087722
11088313
11090556
11091627
11091965
11121401
11121754
11124215
11124260
11124274
11124287
11124332
11125992
11126153
11126314
11126719
11127318
11127484
11127804
11128979
11133840
11134030
11134094
11134368
11134661
11135043
11135100
11135438
11135734
11135751
11135991
11136684
11137332
11137370
11137479
11137508
11137929
11138418
11138655
11138903
11140181
11140401
11140482
11140640
11140674
11143592
11144321
11144607
11145162
11145166
11145635
11145732
11147884
11175155
11175359
11175475
11175535
11175774
11175984
11176156
11176259
11177708
11178117
11178143
11179702
11179832
11180075
11180130
11180222
11180254
11180695
11181257
11181441
11181537
11181672
11181676
11182036
11182078
11182441
11182527
11182611
11182925
11186430
11186450
11186794
11187180
11187247
11188344
11188512
11188947
11190290
11190403
11190538
11190691
11191198
11191566
11191925
11193066
11193087
11193578
11196913
11197252
11197665
11197882
11197980
11199330
11200049
11200133
11200185
11200373
11200773
11228515
11230624
11230687
11230841
11231162
11231898
11231937
11232916
11233099
11233739
11233782
11233852
11234847
11234918
11235225
11235750
11235803
11236884
11236968
11237004
11237067
11237342
11241088
11241767
11242160
11242631
11243567
11244118
11244118
11244118
11244118
11244208
11244238
11244474
11246515
11247456
11247475
11249688
11249864
11250066
11250564
11250868
11251273
11251292
11251575
11251900
11253013
11253104
11253130
11253711
11253827
11253983
11254028
11254103
11254120
11254382
11254569
11255435
11282503
11283847
11283856
11284051
11284371
11284715
11284770
11285018
11285524
11285578
11285663
11285886
11287742
11289178
11289583
11290141
11290167
11290173
11290476
11293821
11294143
11294425
11294453
11295149
11295197
11295978
11296205
11296413
11296802
11297005
11297437
11297521
11297649
11297653
11298478
11298782
11299610
11299693
11302187
11302458
11303188
11303368
11303442
11303590
11303614
11303819
11303969
11304156
11304196
11305184
11305234
11305427
11305837
11305962
11306286
11306380
11306896
11306974
11307659
11307783
11307847
11307982
11308067
11308133
11308437
11308499
11308901
11336853
11337297
11338963
11340616
11340855
11341020
11341314
11342420
11342550
11342573
11347789
11347791
11348086
11348768
11348988
11349137
11349295
11350364
11350643
11351820
11351872
11352168
11352469
11352830
11352908
11353038
11353284
11353325
11355633
11356302
11357680
11357874
11358814
11359307
11360947
11361979
11389595
11389889
11390058
11390340
11391846
11391889
11392136
11392358
11392445
11392542
11392986
11393653
11394048
11394600
11394841
11394866
11395052
11395994
11401542
11401696
11401708
11401708
11401708
11401708
11402186
11402522
11402818
11402863
11403530
11405079
11405476
11405495
11407728
11407828
11408245
11408371
11408424
11408567
11408686
11408779
11409346
11409583
11409719
11410073
11410204
11411656
11412270
11413876
11414119
11414985
11416086
11441470
11441758
11441905
11441910
11442472
11442502
11443219
11443748
11443850
11444412
11444559
11444724
11445217
11445255
11445771
11446076
11446130
11446171
11446181
11446313
11446440
11446580
11446665
11446833
11446972
11447063
11447253
11447735
11447772
11447888
11448086
11448240
11449642
11449696
11450317
11450414
11453791
11454321
11454575
11454602
11455145
11455711
11455908
11457020
11457806
11460389
11461430
11461516
11461672
11461696
11461853
11462276
11462321
11462742
11463674
11464794
11464973
11465098
11465454
11466186
11467070
11467440
11467746
11468231
11468902
11493473
11493608
11494048
11494494
11494974
11495662
11495710
11495738
11496224
11496662
11496679
11497318
11498120
11498128
11498214
11498312
11498439
11499228
11499757
11499839
11500028
11501733
11501980
11502003
11502174
11502305
11506033
11506395
11506536
11506547
11506605
11506790
11507142
11507704
11507960
11509274
11509573
11509603
11512204
11512246
11512246
11512246
11512246
11512828
11513252
11513465
11514629
11514960
11515280
11515669
11515938
11516176
11516241
11516913
11517027
11517306
11517321
11517333
11517594
11518251
11518700
11518961
11519226
11519466
11519688
11520366
11520515
11521527
11521665
11521972
11546079
11546259
11546462
11547327
11547438
11547790
11548124
11548705
11548780
11550886
11550941
11551074
11551210
11551423
11551622
11553706
11554336
11554514
11554517
11554521
11554546
11554569
11555085
11555171
11558686
11559256
11559967
11560780
11560841
11560955
11561198
11561257
11563401
11563689
11563864
11563993
11564115
11564218
11565082
11565447
11565461
11565792
11565994
11566090
11566121
11566303
11566591
11566768
11566909
11567018
11567399
11568224
11568248
11568415
11568675
11569695
11569959
11570543
11597719
11598079
11598092
11598118
11599191
11599514
11599583
11599769
11600503
11600737
11601268
11601306
11601419
11601592
11601597
11601620
11601979
11602601
11602613
11603024
11603095
11603199
11605006
11605014
11605086
11605533
11605711
11607054
11607417
11607439
11610199
11610447
11611482
11611624
11611730
11611923
11611926
11612309
11612429
11612464
11612754
11614470
11614617
11614761
11615042
11615577
11615729
11615978
11616436
11616768
11617008
11617607
11618638
11619768
11619950
11620231
11620315
11620566
11621497
11621522
11622371
11622872
11649590
11649614
11649692
11650280
11650490
11650923
11651147
11651294
11651588
11653059
11653344
11653914
11655826
11655994
11656582
11656624
11656700
11657072
11657606
11657630
11658854
11661898
11662132
11662184
11662307
11662682
11662834
11663044
11663072
11663405
11665331
11665406
11665488
11665507
11665727
11666292
11666874
11667023
11667120
11667181
11667406
11667636
11668035
11668865
11671002
11671262
11671504
11672198
11672319
11672461
11672659
11673825
11700713
11700763
11701229
11701238
11701822
11702248
11702531
11702948
11703188
11704068
11707083
11707558
11708698
11708864
11709613
11710373
11713258
11713510
11713510
11713510
11713510
11714231
11716087
11716327
11716673
11716705
11717107
11718296
11718860
11718886
11719324
11719965
11720208
11720592
11721376
11721583
11721681
11722077
11722138
11722183
11722268
11722387
11723201
11723497
11723748
11723979
11724210
11724932
11725348
11751499
11752199
11752697
11752907
11753291
11753318
11753352
11753698
11753718
11753882
11754430
11754803
11754860
11755056
11756796
11757856
11758171
11758223
11758541
11758985
11759590
11759984
11760068
11763808
11763907
11763924
11764296
11764324
11764462
11766614
11766734
11766906
11767299
11767321
11768167
11768525
11768625
11768672
11769114
11769293
11769335
11769443
11769457
11769528
11769704
11769861
11769875
11770637
11771578
11771760
11771760
11771760
11771760
11772164
11772697
11773132
11773196
11773331
11773623
11773785
11774758
11774913
11775432
11802504
11802533
11803002
11803035
11803516
11804115
11804465
11804465
11804465
11804465
11805342
11805378
11805428
11805440
11805683
11808603
11809071
11809183
11809574
11809584
11809639
11809948
11809981
11810161
11810176
11811032
11811730
11812431
11815033
11818296
11818464
11818541
11818946
11819129
11819147
11819430
11819493
11820093
11820231
11820409
11820500
11820504
11820715
11820764
11820937
11821048
11821227
11821953
11822082
11822200
11822711
11823467
11823786
11823814
11824220
11824467
11824896
11825011
11825585
11825721
11826449
11826491
11826707
11852922
11853243
11855343
11855417
11856053
11856130
11858008
11858236
11859258
11859425
11859956
11859979
11860245
11860483
11861388
11861606
11861640
11861681
11861848
11862051
11862285
11862304
11862963
11867336
11868250
11869521
11869547
11869931
11870234
11870277
11871850
11871893
11872055
11872275
11872552
11872874
11872896
11873166
11873402
11873617
11874517
11875647
11875673
11875733
11876270
11876347
11903508
11903584
11904151
11904151
11904151
11904151
11904384
11905298
11908369
11908440
11909695
11910132
11910377
11910956
11911291
11911520
11911919
11912805
11912932
11913072
11913645
11913716
11916956
11917557
11918098
11918687
11918972
11919294
11919302
11919388
11919579
11919894
11919944
11920700
11921437
11921780
11923356
11923357
11924283
11924426
11925042
11953188
11954332
11954564
11954611
11954852
11955413
11957257
11958553
11958741
11958925
11958977
11959047
11959215
11959459
11961208
11961349
11961621
11961695
11961918
11962761
11963118
11963187
11966108
11966643
11966726
11966791
11967067
11967655
11967722
11967767
11968180
11968463
11968622
11968678
11968715
11969038
11969454
11969845
11970179
11970276
11971851
11972024
11973511
11973573
11973594
11974581
12003347
12003354
12004127
12004856
12006873
12006969
12007288
12008886
12008893
12008910
12009044
12009458
12009584
12010343
12011062
12011630
12011692
12012132
12012172
12012852
12012883
12013069
12013074
12013283
12013700
12016666
12016798
12016972
12017080
12017109
12017318
12017450
12017468
12017956
12018346
12018353
12018891
12019440
12019564
12021532
12021533
12022277
12022785
12022951
12023008
12023220
12023317
12023321
12023559
12023811
12023965
12023989
12024638
12052696
12052789
12053234
12055210
12055514
12055530
12056015
12056139
12056151
12056196
12056811
12057413
12058236
12058248
12058767
12059582
12059791
12059936
12061776
12061802
12061857
12061895
12061977
12062409
12067095
12067702
12068399
12068407
12068547
12068910
12069039
12069178
12069563
12069893
12069979
12070858
12071113
12071754
12072006
12072169
12072253
12072495
12072603
12072762
12072801
12072872
12073130
12073212
12102736
12104208
12105000
12105368
12105679
12105795
12106170
12107224
12107707
12108376
12108612
12109060
12109107
12110137
12110502
12110564
12110751
12110790
12110806
12110835
12110914
12111121
12115598
12115851
12115962
12116875
12116986
12118048
12118957
12119146
12120605
12120661
12120723
12120914
12121118
12121531
12121800
12121831
12122131
12122184
12151033
12151205
12152423
12152547
12152617
12152625
12152663
12152967
12153135
12153147
12153320
12153556
12154108
12154836
12154932
12155287
12156302
12156809
12157248
12157537
12158162
12158458
12158714
12158828
12159013
12159343
12159617
12159739
12159971
12165069
12165226
12165246
12165596
12166048
12166191
12166253
12167799
12167872
12168065
12168084
12168200
12168997
12169184
12169351
12169628
12169951
12170199
12170279
12170511
12201795
12202112
12202359
12203436
12203660
12203850
12204248
12204645
12206440
12206799
12207279
12207358
12207874
12208440
12208710
12208925
12213916
12214393
12214521
12214554
12215533
12215583
12215808
12215881
12216220
12216278
12217186
12217624
12217827
12217843
12218917
12218985
12219305
12251387
12252043
12252482
12252617
12252703
12253397
12254266
12254909
12254944
12255741
12256064
12256783
12256810
12257433
12257851
12258021
12258076
12258568
12258602
12265016
12265150
12265174
12265345
12265625
12266133
12266277
12266284
12266366
12266555
12266752
12266993
12267437
12267775
12268089
12268099
12268652
12300524
12301620
12302143
12302188
12302305
12302375
12303064
12303248
12303400
12303418
12303426
12303657
12303714
12304263
12304607
12304612
12305279
12305649
12305788
12306068
12307301
12307381
12307385
12307547
12307574
12314390
12316173
12317653
12317980
12349614
12349768
12349992
12350112
12350118
12350446
12350620
12350677
12350978
12352213
12352283
12352484
12352650
12353477
12354387
12355177
12355353
12355672
12356746
12356766
12356937
12357194
12364931
12365311
12366629
12366991
12367066
12367874
12368001
12368127
12400443
12402681
12403078
12403597
12403770
12404305
12404446
12405195
12405440
12416597
12416771
12416974
12417378
12417702
12418105
12418291
12418386
12418413
12418896
12418977
12454731
12455153
12455713
12456510
12456863
12456964
12457730
12458645
12460013
12460038
12460075
12469856
12470210
12470438
12470673
12470687
12470812
12471119
12504311
12504480
12505503
12505527
12506351
12506752
12506832
12506897
12507401
12507868
12508103
12508376
12509198
12520085
12520346
12553217
12553966
12554100
12554236
12554982
12555688
12555972
12556219
12557079
12557231
12557432
12557522
12598770
12599166
12599217
12599234
12599397
12600314
12600966
12601871
12603182
12643660
12644455
12645420
12645435
12645885
12646302
12646703
12647079
12647169
12647734
12688769
12690495
12690677
12691281
12691333
12691865
12691981
12734388
12734517
12734586
12735357
12735587
12735740
12735793
12736627
12783194
12783195
12783643
12783951
12784179
12784226
12785016
12833791
12884484
12884545
