 7372635
 7372835
 7454979
 7538622
 7898275
 7898292
 7898314
 7898352
 7898372
 7898411
 7898413
 7898432
 7898445
 7898447
 7538638
 7898449
 7898451
 7898473
 7898556
 7898565
 7898576
 7898594
 7898613
 7898666
 7898675
 7538674
 7898676
 7898677
 7898687
 7898703
 7898723
 7898731
 7898748
 7898781
 7898800
 7898821
 7538711
 7898831
 7898839
 7898846
 7898885
 7898887
 7898891
 7898919
 7898944
 7898947
 7898969
 7538728
 7898983
 7899020
 7899023
 7899036
 7899038
 7899048
 7899062
 7899068
 7899070
 7899107
 7538756
 7899115
 7899183
 7899196
 7899257
 7899279
 7899288
 7899307
 7899309
 7899369
 7899391
 7538778
 7899394
 7899398
 7899428
 7899443
 7899492
 7899526
 7899597
 7899603
 7899650
 7899663
 7538796
 7899668
 7899703
 7899706
 7899720
 7899729
 7899791
 7899796
 7899816
 7899837
 7899857
 7538802
 7899864
 7899868
 7899913
 7899933
 7899953
 7899954
 7900034
 7900042
 7900070
 7900100
 7538818
 7900109
 7900114
 7900126
 7900137
 7900140
 7900162
 7900165
 7900191
 7900201
 7900203
 7454983
 7538839
 7900211
 7900214
 7900218
 7900222
 7900272
 7900284
 7900304
 7900309
 7900334
 7900338
 7538881
 7900367
 7900376
 7900388
 7900412
 7900414
 7900418
 7900436
 7900437
 7900441
 7900450
 7538896
 7900526
 7900560
 7900579
 7900583
 7900592
 7900601
 7900643
 7900656
 7900681
 7900683
 7538897
 7900688
 7900695
 7900705
 7900713
 7900727
 7900733
 7900744
 7900767
 7900768
 7900770
 7538899
 7900773
 7900786
 7900789
 7900794
 7900811
 7900837
 7900914
 7900944
 7900948
 7900958
 7538921
 7900968
 7900973
 7901001
 7901008
 7901016
 7901023
 7901037
 7901055
 7901070
 7901073
 7538946
 7901074
 7901110
 7901116
 7901126
 7901150
 7901207
 7901208
 7901222
 7901309
 7901336
 7538950
 7901355
 7901381
 7901418
 7901479
 7901486
 7901524
 7901535
 7901541
 7901547
 7901592
 7538993
 7901622
 7901658
 7901684
 7901705
 7901708
 7901718
 7901766
 7901784
 7901813
 7901825
 7539013
 7901849
 7901859
 7901876
 7901880
 7901883
 7901916
 7901948
 7901949
 7901972
 7901978
 7454990
 7539025
 7902000
 7902001
 7902003
 7902016
 7902023
 7902035
 7902054
 7902055
 7902073
 7902087
 7539086
 7902097
 7902098
 7902107
 7902121
 7902140
 7902149
 7902182
 7902204
 7902215
 7902255
 7539108
 7902274
 7902286
 7902287
 7902303
 7902315
 7902331
 7902339
 7902363
 7902365
 7902370
 7539125
 7902386
 7902391
 7902397
 7902429
 7902455
 7902481
 7902491
 7902492
 7902498
 7902501
 7539143
 7902521
 7902559
 7902578
 7902582
 7902597
 7902676
 7902693
 7902719
 7902734
 7902738
 7539148
 7902746
 7902762
 7902791
 7902815
 7902818
 7902845
 7902874
 7902878
 7902889
 7902896
 7539156
 7902938
 7903007
 7903038
 7903086
 7903096
 7903102
 7903109
 7903116
 7903126
 7903131
 7539174
 7903173
 7903191
 7903192
 7903197
 7903199
 7903215
 7903244
 7903259
 7903262
 7903283
 7539217
 7903291
 7903362
 7903368
 7903373
 7903415
 7903474
 7903507
 7903526
 7903576
 7903600
 7539263
 7903645
 7903666
 7903669
 7903711
 7903771
 7903777
 7966498
 7966592
 7966601
 7966622
 7454999
 7539273
 7966651
 7966666
 7966705
 7966710
 7966720
 7966740
 7966761
 7966813
 7966814
 7966829
 7539277
 7966839
 7966841
 7966886
 7966917
 7966919
 7966959
 7966968
 7967051
 7967082
 7967106
 7539283
 7967144
 7967153
 7967181
 7967200
 7967207
 7967208
 7967210
 7967242
 7967243
 7967244
 7539296
 7967253
 7967256
 7967283
 7967293
 7967300
 7967307
 7967318
 7967365
 7967416
 7967433
 7539298
 7967472
 7967503
 7967516
 7967517
 7967534
 7967567
 7967606
 7967618
 7967627
 7967677
 7539332
 7967689
 7967697
 7967717
 7967721
 7967747
 7967785
 7967804
 7967805
 7967834
 7967861
 7539346
 7967867
 7967873
 7967885
 7967898
 7967905
 7967918
 7967943
 7967968
 7967974
 7967985
 7539374
 7968044
 7968112
 7968120
 7968145
 7968226
 7968228
 7968231
 7968234
 7968239
 7968299
 7539399
 7968305
 7968309
 7968383
 7968400
 7968401
 7968405
 7968441
 7968451
 7968468
 7968513
 7539416
 7968517
 7968553
 7968558
 7968563
 7968579
 7968586
 7968604
 7968624
 7968679
 7968683
 7455026
 7539427
 7968737
 7968762
 7968772
 7968777
 7968803
 7968833
 7968859
 7968882
 7968901
 7968915
 7539446
 7968916
 7968921
 7968925
 7969037
 7969038
 7969047
 7969053
 7969064
 7969099
 7969113
 7539526
 7969213
 7969221
 7969229
 7969244
 7969285
 7969289
 7969299
 7969300
 7969301
 7969331
 7539538
 7969336
 7969345
 7969349
 7969371
 7969409
 7969433
 7969437
 7969455
 7969462
 7969477
 7539607
 7969481
 7969499
 7969504
 7969525
 7969549
 7969568
 7969582
 7969585
 7969590
 7969605
 7539646
 7969657
 7969716
 7969717
 7969736
 7969754
 7969805
 7969813
 7969842
 7969857
 7969865
 7539669
 7969878
 7969881
 7969911
 7969912
 7969926
 7969945
 7969948
 7969953
 7969984
 7970014
 7539898
 7970056
 7970082
 7970090
 7970102
 7970137
 7970162
 7970167
 7970194
 7970200
 7970207
 7540130
 7970227
 7970248
 7970257
 7970283
 7970286
 7970287
 7970319
 7970410
 7970427
 7970465
 7616455
 7970484
 7970510
 7970513
 7970539
 7970617
 7970619
 7970642
 7970648
 7970655
 7970686
 7455033
 7616460
 7970698
 7970717
 7970737
 7970740
 7970844
 7970848
 7970860
 7970863
 7970891
 7970957
 7616596
 7970958
 7970961
 7970969
 7970972
 7971006
 7971008
 7971022
 7971035
 7971042
 7971043
 7616603
 7971056
 7971070
 7971082
 7971121
 7971142
 7971156
 7971161
 7971171
 7971174
 7971193
 7616655
 7971206
 7971238
 7971242
 7971255
 7971284
 7971298
 7971319
 7971355
 7971363
 7971391
 7616664
 7971401
 7971412
 7971413
 7971447
 7971459
 7971485
 7971521
 7971524
 7971532
 7971534
 7616666
 7971540
 7971547
 7971549
 7971558
 7971578
 7971629
 7971636
 7971645
 7971670
 7971683
 7616692
 7971775
 7971782
 7971790
 7971802
 7971830
 7971877
 7971889
 7971893
 7971906
 7971908
 7616710
 7971911
 7971912
 7971921
 7971937
 7971947
 7971960
 7971999
 7972048
 7972054
 7972087
 7616823
 7972090
 7972140
 7972201
 7972301
 8034983
 8034989
 8035000
 8035021
 8035071
 8035086
 7616829
 8035099
 8035115
 8035121
 8035127
 8035151
 8035168
 8035184
 8035191
 8035216
 8035262
 7455134
 7616834
 8035322
 8035343
 8035378
 8035420
 8035459
 8035486
 8035497
 8035541
 8035580
 8035587
 7616852
 8035589
 8035609
 8035618
 8035632
 8035636
 8035640
 8035683
 8035685
 8035722
 8035784
 7616870
 8035785
 8035787
 8035802
 8035856
 8035889
 8035892
 8035901
 8035903
 8035906
 8036035
 7616919
 8036098
 8036106
 8036119
 8036122
 8036124
 8036221
 8036272
 8036282
 8036287
 8036315
 7616920
 8036316
 8036337
 8036345
 8036350
 8036360
 8036363
 8036373
 8036400
 8036422
 8036426
 7616962
 8036432
 8036457
 8036461
 8036551
 8036554
 8036681
 8036719
 8036720
 8036732
 8036748
 7616980
 8036764
 8036813
 8036840
 8036849
 8036858
 8036863
 8036915
 8036921
 8036930
 8036945
 7616988
 8036954
 8036957
 8037035
 8037038
 8037081
 8037095
 8037100
 8037131
 8037145
 8037213
 7616994
 8037229
 8037268
 8037275
 8037294
 8037296
 8037307
 8037316
 8037327
 8037340
 8037358
 7617028
 8037398
 8037429
 8037466
 8037469
 8037490
 8037497
 8037501
 8037502
 8037519
 8037529
 7455163
 7617072
 8037582
 8037670
 8037693
 8037742
 8037743
 8037789
 8037792
 8037793
 8037828
 8037848
 7617153
 8037866
 8037903
 8037926
 8037930
 8037948
 8037983
 8037993
 8037996
 8038014
 8038025
 7617158
 8038142
 8038153
 8038160
 8038175
 8038177
 8038183
 8038187
 8038204
 8038215
 8038222
 7617164
 8038258
 8038347
 8038388
 8038392
 8038432
 8038443
 8038467
 8038481
 8038496
 8038510
 7617199
 8038516
 8038523
 8038526
 8038548
 8038558
 8038574
 8038577
 8038609
 8038614
 8038625
 7617209
 8038627
 8038666
 8038679
 8038694
 8038720
 8038724
 8038731
 8038750
 8038754
 8038823
 7617227
 8038837
 8038865
 8038873
 8038880
 8038977
 8039016
 8039046
 8039048
 8039057
 8039063
 7617247
 8039128
 8039172
 8039191
 8039201
 8039212
 8039304
 8039313
 8039336
 8039355
 8039416
 7617259
 8039424
 8039454
 8039487
 8039501
 8039528
 8039566
 8039572
 8039595
 8039604
 8039629
 7617312
 8039630
 8039665
 8039697
 8039717
 8039723
 8039726
 8039767
 8039785
 8039786
 8039791
 7455165
 7617325
 8039796
 8039842
 8039848
 8039857
 8039892
 8039900
 8039925
 8039995
 8040043
 8040065
 7617333
 8040105
 8040119
 8040140
 8040166
 8040191
 8040202
 8040221
 8040262
 8040265
 8040267
 7617346
 8040308
 8040343
 8040361
 8040364
 8040398
 8040407
 8040409
 8040412
 8040428
 8040442
 7617352
 8040457
 8040463
 8040494
 8040522
 8040524
 8040549
 8040551
 8040571
 8040600
 8040694
 7617362
 8040699
 8040723
 8040763
 8103480
 8103547
 8103565
 8103570
 8103649
 8103668
 8103682
 7617399
 8103684
 8103707
 8103772
 8103773
 8103827
 8103840
 8103899
 8103901
 8103917
 8103963
 7617433
 8103992
 8103997
 8104022
 8104030
 8104033
 8104038
 8104054
 8104065
 8104127
 8104142
 7617449
 8104151
 8104162
 8104182
 8104207
 8104250
 8104288
 8104299
 8104304
 8104319
 8104324
 7617521
 8104330
 8104337
 8104341
 8104355
 8104375
 8104436
 8104437
 8104443
 8104467
 8104492
 7617528
 8104494
 8104589
 8104598
 8104614
 8104670
 8104686
 8104720
 8104732
 8104736
 8104771
 7455166
 7617573
 8104811
 8104824
 8104863
 8104923
 8104940
 8104968
 8104984
 8104994
 8104995
 8105002
 7617582
 8105018
 8105052
 8105071
 8105106
 8105129
 8105136
 8105160
 8105193
 8105225
 8105234
 7617624
 8105243
 8105250
 8105265
 8105294
 8105337
 8105352
 8105398
 8105433
 8105437
 8105451
 7617709
 8105461
 8105474
 8105486
 8105487
 8105491
 8105506
 8105513
 8105522
 8105543
 8105550
 7617733
 8105575
 8105604
 8105610
 8105620
 8105630
 8105657
 8105677
 8105687
 8105688
 8105710
 7617768
 8105719
 8105726
 8105732
 8105747
 8105778
 8105791
 8105798
 8105816
 8105884
 8105943
 7617773
 8105972
 8105973
 8105992
 8106011
 8106038
 8106072
 8106076
 8106097
 8106112
 8106132
 7617795
 8106139
 8106151
 8106192
 8106213
 8106260
 8106264
 8106272
 8106275
 8106278
 8106292
 7617819
 8106352
 8106356
 8106367
 8106371
 8106379
 8106409
 8106419
 8106476
 8106525
 8106568
 7617830
 8106577
 8106582
 8106592
 8106621
 8106644
 8106647
 8106692
 8106697
 8106713
 8106714
 7372866
 7455219
 7617832
 8106730
 8106772
 8106796
 8106800
 8106802
 8106805
 8106814
 8106823
 8106852
 8106863
 7617840
 8106886
 8106890
 8106950
 8106973
 8106996
 8107026
 8107034
 8107036
 8107079
 8107094
 7617912
 8107115
 8107123
 8107129
 8107132
 8107141
 8107143
 8107150
 8107159
 8107184
 8107214
 7617928
 8107225
 8107227
 8107246
 8107253
 8107283
 8107319
 8107320
 8107355
 8107357
 8107380
 7617977
 8107395
 8107407
 8107473
 8107490
 8107506
 8107519
 8107571
 8107581
 8107589
 8107611
 7617982
 8107634
 8107679
 8107692
 8107727
 8107782
 8107819
 8107822
 8107825
 8107831
 8107835
 7617987
 8107841
 8107881
 8107893
 8107903
 8107929
 8107951
 8107969
 8107974
 8107984
 8108014
 7618003
 8108024
 8108098
 8108099
 8108160
 8108218
 8108236
 8108261
 8108264
 8108282
 8108288
 7618007
 8108308
 8108336
 8108349
 8108368
 8108437
 8108450
 8108456
 8108467
 8108490
 8108535
 7618039
 8108542
 8108546
 8108549
 8108551
 8108608
 8108613
 8108639
 8108644
 8108660
 8108667
 7455247
 7618077
 8108676
 8108707
 8108720
 8108721
 8108732
 8108736
 8108803
 8108805
 8108813
 8108870
 7618104
 8108901
 8108923
 8108932
 8108933
 8108988
 8108989
 8108997
 8109009
 8109040
 8109043
 7618122
 8109057
 8109066
 8109103
 8109107
 8109115
 8109136
 8109160
 8109244
 8171726
 8171739
 7618136
 8171848
 8171863
 8171890
 8171946
 8171971
 8172029
 8172061
 8172066
 8172073
 8172100
 7618149
 8172108
 8172154
 8172200
 8172203
 8172214
 8172275
 8172277
 8172343
 8172376
 8172377
 7618180
 8172382
 8172397
 8172471
 8172497
 8172517
 8172525
 8172560
 8172581
 8172589
 8172598
 7618184
 8172611
 8172618
 8172633
 8172649
 8172666
 8172679
 8172690
 8172692
 8172697
 8172720
 7618228
 8172730
 8172776
 8172777
 8172778
 8172784
 8172843
 8172877
 8172887
 8172906
 8172915
 7618231
 8172927
 8172936
 8172974
 8172996
 8173002
 8173017
 8173036
 8173052
 8173065
 8173133
 7618256
 8173147
 8173148
 8173229
 8173284
 8173285
 8173309
 8173356
 8173364
 8173371
 8173376
 7455258
 7618308
 8173427
 8173434
 8173435
 8173477
 8173536
 8173542
 8173553
 8173562
 8173570
 8173581
 7618347
 8173627
 8173628
 8173678
 8173686
 8173693
 8173696
 8173715
 8173721
 8173725
 8173735
 7618364
 8173746
 8173770
 8173777
 8173808
 8173854
 8173921
 8173923
 8173925
 8173927
 8173968
 7618370
 8173978
 8174004
 8174008
 8174009
 8174014
 8174036
 8174038
 8174041
 8174059
 8174063
 7618384
 8174072
 8174116
 8174124
 8174143
 8174161
 8174162
 8174164
 8174170
 8174183
 8174193
 7618428
 8174198
 8174221
 8174245
 8174259
 8174267
 8174281
 8174292
 8174293
 8174306
 8174308
 7618435
 8174317
 8174332
 8174364
 8174379
 8174381
 8174390
 8174448
 8174519
 8174541
 8174576
 7618493
 8174600
 8174617
 8174625
 8174654
 8174671
 8174692
 8174723
 8174726
 8174740
 8174761
 7618503
 8174777
 8174813
 8174821
 8174845
 8174874
 8174878
 8174905
 8174909
 8174920
 8174946
 7618512
 8174947
 8174965
 8174981
 8174990
 8175020
 8175027
 8175048
 8175049
 8175085
 8175105
 7455287
 7618526
 8175121
 8175131
 8175145
 8175164
 8175177
 8175180
 8175236
 8175252
 8175253
 8175259
 7618540
 8175266
 8175298
 8175302
 8175336
 8175399
 8175402
 8175404
 8175422
 8175438
 8175481
 7618547
 8175514
 8175550
 8175631
 8175670
 8175672
 8175678
 8175738
 8175753
 8175790
 8175828
 7618552
 8175836
 8175838
 8175841
 8175845
 8175873
 8175890
 8175925
 8175945
 8175947
 8175995
 7618570
 8176019
 8176024
 8176041
 8176072
 8176077
 8176140
 8176161
 8176169
 8176259
 8176323
 7618641
 8176341
 8176349
 8176353
 8176396
 8176427
 8176434
 8176468
 8176503
 8176516
 8176536
 7618645
 8176543
 8176550
 8176564
 8176601
 8176634
 8176639
 8176648
 8176650
 8176683
 8176689
 7618650
 8176690
 8176698
 8176733
 8176742
 8176747
 8176763
 8176777
 8176783
 8176790
 8176806
 7618662
 8176820
 8176865
 8176877
 8176893
 8176905
 8176906
 8176916
 8176917
 8176919
 8176921
 7618704
 8176933
 8176937
 8176951
 8176961
 8176983
 8177027
 8177062
 8177066
 8177082
 8177087
 7455361
 7618730
 8177133
 8177142
 8177168
 8177179
 8177213
 8239980
 8239983
 8240002
 8240025
 8240054
 7618807
 8240123
 8240124
 8240170
 8240242
 8240269
 8240296
 8240302
 8240336
 8240366
 8240378
 7618812
 8240396
 8240450
 8240459
 8240461
 8240485
 8240563
 8240617
 8240686
 8240709
 8240739
 7618890
 8240746
 8240772
 8240790
 8240797
 8240831
 8240840
 8240862
 8240872
 8240881
 8240890
 7618923
 8240898
 8240900
 8240902
 8240904
 8240906
 8240915
 8240917
 8240971
 8240975
 8241002
 7618948
 8241038
 8241045
 8241071
 8241074
 8241079
 8241082
 8241134
 8241141
 8241180
 8241187
 7618989
 8241193
 8241201
 8241212
 8241258
 8241270
 8241307
 8241347
 8241353
 8241358
 8241377
 7619004
 8241392
 8241402
 8241424
 8241455
 8241458
 8241462
 8241468
 8241472
 8241490
 8241497
 7619024
 8241503
 8241578
 8241736
 8241771
 8241781
 8241834
 8241877
 8241881
 8241910
 8241940
 7619028
 8241952
 8241997
 8242009
 8242019
 8242022
 8242044
 8242048
 8242064
 8242068
 8242134
 7455379
 7619034
 8242135
 8242181
 8242192
 8242205
 8242209
 8242238
 8242239
 8242248
 8242265
 8242293
 7619046
 8242295
 8242307
 8242334
 8242342
 8242428
 8242434
 8242455
 8242457
 8242460
 8242519
 7619082
 8242567
 8242576
 8242592
 8242593
 8242606
 8242638
 8242664
 8242674
 8242683
 8242689
 7619083
 8242706
 8242707
 8242709
 8242714
 8242726
 8242740
 8242745
 8242769
 8242773
 8242780
 7619114
 8242784
 8242836
 8242843
 8242867
 8242899
 8242912
 8242916
 8243016
 8243058
 8243074
 7619120
 8243158
 8243185
 8243190
 8243191
 8243219
 8243228
 8243283
 8243293
 8243297
 8243314
 7619131
 8243371
 8243381
 8243384
 8243448
 8243481
 8243522
 8243559
 8243594
 8243625
 8243690
 7619184
 8243701
 8243725
 8243754
 8243780
 8243789
 8243804
 8243826
 8243831
 8243921
 8243971
 7619233
 8243995
 8243999
 8244021
 8244060
 8244061
 8244123
 8244132
 8244135
 8244150
 8244162
 7619236
 8244173
 8244179
 8244190
 8244248
 8244264
 8244278
 8244295
 8244406
 8306869
 8306922
 7455400
 7619249
 8306967
 8307003
 8307010
 8307075
 8307079
 8307091
 8307149
 8307165
 8307227
 8307236
 7619344
 8307242
 8307244
 8307321
 8307330
 8307354
 8307403
 8307426
 8307440
 8307444
 8307489
 7619390
 8307513
 8307522
 8307548
 8307553
 8307599
 8307615
 8307627
 8307630
 8307647
 8307672
 7619403
 8307676
 8307700
 8307712
 8307729
 8307759
 8307791
 8307824
 8307849
 8307875
 8307889
 7619448
 8307903
 8307912
 8307977
 8308070
 8308080
 8308088
 8308152
 8308166
 8308173
 8308199
 7619473
 8308203
 8308209
 8308229
 8308255
 8308260
 8308302
 8308309
 8308347
 8308352
 8308357
 7619502
 8308361
 8308417
 8308435
 8308456
 8308464
 8308506
 8308516
 8308526
 8308533
 8308588
 7619542
 8308597
 8308601
 8308639
 8308641
 8308658
 8308682
 8308684
 8308688
 8308693
 8308702
 7619631
 8308709
 8308717
 8308722
 8308733
 8308747
 8308755
 8308758
 8308791
 8308823
 8308831
 7619667
 8308832
 8308846
 8308866
 8308875
 8308887
 8308888
 8308903
 8308911
 8308946
 8308949
 7455461
 7619722
 8308979
 8308996
 8309038
 8309108
 8309161
 8309164
 8309169
 8309178
 8309209
 8309327
 7619731
 8309356
 8309419
 8309429
 8309437
 8309453
 8309466
 8309529
 8309540
 8309587
 8309664
 7619745
 8309701
 8309778
 8309866
 8309890
 8309905
 8309919
 8309931
 8309936
 8310003
 8310050
 7619805
 8310086
 8310100
 8310115
 8310141
 8310152
 8310183
 8310184
 8310216
 8310220
 8310243
 7619818
 8310334
 8373465
 8373476
 8373507
 8373509
 8373526
 8373665
 8373686
 8373697
 8373723
 7619834
 8373773
 8373793
 8373794
 8373806
 8373808
 8373837
 8373873
 8373936
 8373965
 8373988
 7619893
 8373993
 8374008
 8374013
 8374021
 8374062
 8374077
 8374104
 8374116
 8374119
 8374139
 7619946
 8374180
 8374186
 8374203
 8374235
 8374269
 8374321
 8374325
 8374341
 8374394
 8374396
 7619951
 8374423
 8374430
 8374436
 8374461
 8374462
 8374484
 8374494
 8374535
 8374551
 8374580
 7619974
 8374582
 8374611
 8374627
 8374641
 8374658
 8374663
 8374718
 8374729
 8374741
 8374754
 7455503
 7619989
 8374763
 8374764
 8374767
 8374877
 8374896
 8374901
 8374905
 8374925
 8374963
 8374995
 7620108
 8375018
 8375055
 8375056
 8375107
 8375132
 8375138
 8375139
 8375153
 8375240
 8375261
 7620192
 8375277
 8375394
 8375432
 8375438
 8375480
 8375487
 8375488
 8375494
 8375533
 8375550
 7620212
 8375566
 8375573
 8375620
 8375623
 8375627
 8375651
 8375652
 8375665
 8375708
 8375753
 7620325
 8375772
 8375773
 8438947
 8439084
 8439098
 8439107
 8439154
 8439296
 8439323
 8439332
 7620370
 8439358
 8439396
 8439459
 8439464
 8439520
 8439566
 8439618
 8439633
 8439679
 8439712
 7620435
 8439719
 8439782
 8439796
 8439817
 8439867
 8439923
 8439949
 8439977
 8440019
 8440036
 7620448
 8440062
 8440066
 8440076
 8440193
 8440194
 8440195
 8440248
 8440291
 8440305
 8440310
 7620493
 8440344
 8440367
 8440411
 8504426
 8504443
 8504473
 8504478
 8504543
 8504544
 8504558
 7690311
 8504653
 8504695
 7455558
 7690316
 7690482
 7690485
 7690490
 7690521
 7690577
 7690604
 7690631
 7690646
 7690678
 7372915
 7455562
 7690679
 7690692
 7690694
 7690739
 7690781
 7690782
 7690791
 7690810
 7690815
 7690820
 7455573
 7690844
 7690855
 7690866
 7690880
 7690918
 7690921
 7690927
 7690971
 7691011
 7691027
 7455624
 7691041
 7691042
 7691045
 7691061
 7691081
 7691089
 7691092
 7691122
 7691123
 7691148
 7455686
 7691170
 7691191
 7691197
 7691204
 7691240
 7691244
 7691260
 7691263
 7691290
 7691382
 7455733
 7691403
 7691414
 7691421
 7691427
 7691437
 7691445
 7691457
 7691472
 7691487
 7691494
 7455752
 7691503
 7691504
 7691514
 7691523
 7691547
 7691548
 7691562
 7691609
 7691614
 7691618
 7455871
 7691630
 7691676
 7691691
 7691708
 7691727
 7691740
 7691764
 7691773
 7691785
 7691834
 7455896
 7691840
 7691846
 7691871
 7691906
 7691907
 7691910
 7691952
 7691958
 7691960
 7691983
 7455967
 7691985
 7691989
 7691998
 7692000
 7692004
 7692019
 7692031
 7692032
 7692033
 7692073
 7456026
 7692089
 7692093
 7692098
 7692108
 7692112
 7692129
 7692139
 7692208
 7692248
 7692279
 7454659
 7456067
 7692284
 7692291
 7692304
 7692309
 7692336
 7692352
 7692353
 7692364
 7692405
 7692411
 7456073
 7692427
 7692433
 7692454
 7692465
 7692471
 7692493
 7692500
 7692514
 7692547
 7692557
 7456088
 7692564
 7692575
 7692584
 7692589
 7692621
 7692729
 7692736
 7692756
 7692760
 7692797
 7456135
 7692820
 7692828
 7692846
 7692848
 7692850
 7692857
 7692932
 7692957
 7692968
 7693135
 7456155
 7693143
 7693149
 7693172
 7693206
 7693242
 7693324
 7693341
 7693354
 7693359
 7693403
 7456177
 7693416
 7693418
 7693494
 7693495
 7693510
 7693562
 7693642
 7693666
 7693667
 7693721
 7456193
 7693724
 7693726
 7693730
 7693744
 7693796
 7693817
 7693833
 7693845
 7693851
 7693907
 7456364
 7693979
 7693986
 7693987
 7693993
 7694075
 7694116
 7694121
 7694127
 7694138
 7694165
 7537395
 7694191
 7694200
 7694211
 7694220
 7694241
 7694249
 7694259
 7694280
 7694302
 7694313
 7537490
 7694379
 7694417
 7694455
 7694539
 7694614
 7694615
 7694621
 7694634
 7694657
 7694747
 7454695
 7537567
 7694758
 7760570
 7760587
 7760603
 7760606
 7760658
 7760668
 7760670
 7760680
 7760715
 7537577
 7760730
 7760745
 7760754
 7760758
 7760786
 7760805
 7760814
 7760815
 7760832
 7760836
 7537597
 7760847
 7760852
 7760865
 7760869
 7760885
 7760895
 7760909
 7760922
 7760925
 7760968
 7537601
 7760976
 7761004
 7761010
 7761021
 7761041
 7761048
 7761055
 7761069
 7761071
 7761115
 7537631
 7761138
 7761180
 7761207
 7761247
 7761253
 7761255
 7761301
 7761303
 7761315
 7761331
 7537659
 7761336
 7761348
 7761381
 7761401
 7761413
 7761440
 7761519
 7761527
 7761530
 7761545
 7537660
 7761585
 7761635
 7761656
 7761688
 7761690
 7761700
 7761780
 7761855
 7761860
 7761884
 7537661
 7761918
 7761925
 7761974
 7761991
 7762002
 7762020
 7762023
 7762059
 7762062
 7762104
 7537666
 7762118
 7762153
 7762157
 7762158
 7762163
 7762190
 7762201
 7762228
 7762260
 7762267
 7537668
 7762294
 7762306
 7762312
 7762375
 7762384
 7762396
 7762419
 7762426
 7762429
 7762475
 7454718
 7537681
 7762498
 7762499
 7762516
 7762560
 7762604
 7762635
 7762639
 7762654
 7762656
 7762669
 7537735
 7762678
 7762717
 7762721
 7762723
 7762732
 7762764
 7762794
 7762802
 7762832
 7762843
 7537777
 7762849
 7762886
 7762901
 7762928
 7762943
 7762967
 7762975
 7763031
 7763090
 7763092
 7537785
 7763101
 7763177
 7763193
 7763199
 7763240
 7763269
 7763288
 7763304
 7763313
 7763358
 7537808
 7763388
 7763390
 7763393
 7763398
 7763402
 7763435
 7763491
 7763509
 7763596
 7763661
 7537833
 7763679
 7763689
 7763724
 7763728
 7763746
 7763794
 7763808
 7763889
 7763916
 7764004
 7537849
 7764046
 7764088
 7764131
 7764201
 7764241
 7764254
 7764267
 7764286
 7764335
 7764361
 7537850
 7764366
 7764367
 7764433
 7764442
 7764465
 7764514
 7764546
 7764561
 7764601
 7764612
 7537856
 7764631
 7764677
 7764692
 7764743
 7764870
 7764984
 7765006
 7765047
 7765051
 7765070
 7537859
 7765081
 7765101
 7765135
 7765201
 7765219
 7765236
 7765258
 7765263
 7765272
 7765293
 7454817
 7537917
 7765374
 7765395
 7765399
 7765430
 7765460
 7765528
 7765544
 7765546
 7765547
 7765677
 7537953
 7765684
 7765697
 7765703
 7765714
 7765743
 7765762
 7765803
 7765916
 7766017
 7766029
 7537995
 7766103
 7829542
 7829604
 7829623
 7829646
 7829719
 7829740
 7829775
 7829808
 7829819
 7538015
 7829827
 7829836
 7829846
 7829851
 7829869
 7829872
 7829905
 7829927
 7829959
 7830019
 7538021
 7830057
 7830098
 7830124
 7830192
 7830210
 7830265
 7830340
 7830341
 7830351
 7830362
 7538030
 7830378
 7830385
 7830396
 7830397
 7830430
 7830435
 7830480
 7830503
 7830518
 7830529
 7538038
 7830580
 7830609
 7830616
 7830637
 7830664
 7830684
 7830715
 7830716
 7830729
 7830749
 7538124
 7830754
 7830790
 7830804
 7830813
 7830856
 7830877
 7830878
 7830883
 7830890
 7830917
 7538130
 7830922
 7830953
 7830984
 7831009
 7831066
 7831072
 7831073
 7831137
 7831192
 7831221
 7538145
 7831228
 7831249
 7831264
 7831270
 7831285
 7831302
 7831307
 7831322
 7831328
 7831346
 7454857
 7538155
 7831348
 7831363
 7831394
 7831408
 7831422
 7831448
 7831485
 7831494
 7831509
 7831523
 7538167
 7831530
 7831589
 7831636
 7831689
 7831725
 7831826
 7831847
 7831850
 7831915
 7831916
 7538173
 7831940
 7831961
 7831967
 7832012
 7832029
 7832030
 7832034
 7832105
 7832125
 7832131
 7538176
 7832141
 7832171
 7832187
 7832189
 7832191
 7832194
 7832247
 7832254
 7832257
 7832266
 7538181
 7832284
 7832336
 7832356
 7832376
 7832410
 7832413
 7832446
 7832484
 7832489
 7832566
 7538292
 7832626
 7832655
 7832670
 7832684
 7832730
 7832745
 7832750
 7832765
 7832767
 7832780
 7538307
 7832784
 7832787
 7832829
 7832955
 7832978
 7832982
 7833018
 7833037
 7833074
 7833125
 7538310
 7833139
 7833144
 7833151
 7833157
 7833164
 7833201
 7833267
 7833305
 7833339
 7833371
 7538341
 7833374
 7833440
 7833489
 7833491
 7833493
 7833539
 7833543
 7833580
 7833587
 7833588
 7538352
 7833591
 7833622
 7833634
 7833644
 7833657
 7833672
 7833807
 7833828
 7833913
 7833946
 7454928
 7538367
 7834011
 7834016
 7834045
 7834063
 7834134
 7834159
 7834163
 7834191
 7834212
 7834295
 7538390
 7834353
 7834367
 7834387
 7834397
 7834412
 7834425
 7834441
 7834470
 7834537
 7834539
 7538419
 7834604
 7834612
 7834614
 7834623
 7834639
 7834645
 7834663
 7834668
 7834688
 7834712
 7538434
 7834723
 7834735
 7834746
 7834762
 7834770
 7834836
 7834847
 7834863
 7834867
 7834913
 7538450
 7834920
 7834941
 7834979
 7835027
 7835034
 7835064
 7835068
 7835076
 7835089
 7835113
 7538484
 7835127
 7835133
 7835135
 7835140
 7835169
 7835171
 7835181
 7835198
 7835220
 7835224
 7538485
 7835226
 7835236
 7835286
 7835312
 7835324
 7835326
 7835372
 7835410
 7835450
 7835532
 7538506
 7835599
 7897797
 7897825
 7897834
 7897847
 7897890
 7897895
 7897915
 7897924
 7897925
 7538521
 7897929
 7897936
 7897952
 7898025
 7898049
 7898051
 7898071
 7898114
 7898130
 7898133
 7538571
 7898152
 7898165
 7898175
 7898186
 7898204
 7898227
 7898230
 7898238
 7898245
 7898270
