 7805834
 7805884
 7874779
 7944479
 8413642
 8413670
 8413675
 8413705
 8413707
 8413784
 8413815
 8413823
 8413837
 8413864
 7944480
 8413872
 8413885
 8413939
 8413968
 8413971
 8413972
 8413985
 8413988
 8413996
 8414005
 7944502
 8414009
 8414029
 8414034
 8414062
 8414071
 8414116
 8414120
 8414123
 8414193
 8414194
 7944566
 8414216
 8414250
 8414283
 8414303
 8414329
 8414340
 8414368
 8414443
 8414450
 8414473
 7944578
 8414492
 8414512
 8414518
 8414529
 8414533
 8414556
 8414577
 8414617
 8414649
 8414655
 7944600
 8414664
 8414671
 8414683
 8414685
 8414692
 8414693
 8414696
 8414708
 8414715
 8414716
 7944620
 8414751
 8414763
 8414812
 8414815
 8414845
 8414856
 8414868
 8414875
 8414899
 8414907
 7944665
 8414914
 8414926
 8414934
 8414952
 8414961
 8414977
 8414982
 8415004
 8415016
 8415023
 7944721
 8415058
 8415070
 8415075
 8415109
 8415114
 8415119
 8415151
 8415200
 8415235
 8415256
 7944748
 8415259
 8415260
 8415277
 8415290
 8415299
 8415336
 8415344
 8415353
 8415377
 8415391
 7874848
 7944757
 8415404
 8415474
 8415496
 8415501
 8415544
 8415565
 8415616
 8415624
 8415661
 8415665
 8012108
 8415671
 8415690
 8415729
 8415741
 8415745
 8415752
 8415754
 8415768
 8415771
 8415805
 8012183
 8415812
 8415819
 8415838
 8415867
 8415885
 8415904
 8415906
 8415928
 8415977
 8415982
 8012185
 8416005
 8416010
 8416021
 8416032
 8416061
 8416093
 8416095
 8416122
 8416152
 8416176
 8012235
 8416220
 8416293
 8416307
 8416310
 8416311
 8416325
 8416326
 8416339
 8416341
 8416357
 8012281
 8416377
 8416393
 8416395
 8416409
 8416438
 8416445
 8416446
 8416447
 8416451
 8416480
 8012338
 8416484
 8416523
 8416542
 8416575
 8416700
 8416717
 8416788
 8416796
 8416858
 8416859
 8012419
 8416897
 8416900
 8416905
 8416925
 8416927
 8416939
 8416992
 8417022
 8417027
 8417035
 8012426
 8417053
 8417078
 8417082
 8417113
 8417161
 8417163
 8417164
 8417167
 8417171
 8417184
 8012437
 8417203
 8417212
 8417232
 8478491
 8478550
 8478566
 8478603
 8478641
 8478684
 8478715
 7874878
 8012449
 8478717
 8478720
 8478761
 8478771
 8478773
 8478783
 8478851
 8478870
 8478906
 8478920
 8012517
 8478931
 8478942
 8478994
 8479022
 8479025
 8479072
 8479087
 8479121
 8479127
 8479145
 8012532
 8479165
 8479182
 8479197
 8479204
 8479301
 8479321
 8479326
 8479329
 8479344
 8479368
 8012534
 8479383
 8479419
 8479424
 8479437
 8479476
 8479477
 8479486
 8479492
 8479533
 8479567
 8012555
 8479581
 8479631
 8479646
 8479655
 8479661
 8479671
 8479675
 8479679
 8479683
 8479719
 8012587
 8479721
 8479728
 8479763
 8479780
 8479813
 8479852
 8479863
 8479873
 8479908
 8479932
 8012590
 8479958
 8479966
 8480027
 8480031
 8480050
 8480064
 8480071
 8480097
 8480102
 8480111
 8012608
 8480135
 8480140
 8480150
 8480172
 8480174
 8480184
 8480186
 8480187
 8480189
 8480205
 8012611
 8480214
 8480229
 8480230
 8480233
 8480235
 8480246
 8480250
 8480263
 8480267
 8480285
 8012613
 8480295
 8480296
 8480301
 8480304
 8480306
 8480313
 8480342
 8480353
 8480368
 8480401
 7874913
 8012635
 8480404
 8480405
 8480435
 8480439
 8480446
 8480469
 8480493
 8480497
 8480512
 8480520
 8012636
 8480543
 8480559
 8480582
 8480589
 8480624
 8480627
 8480662
 8480673
 8480693
 8480711
 8012678
 8480776
 8480808
 8480891
 8480895
 8480901
 8480902
 8480929
 8480942
 8480944
 8480976
 8012732
 8480978
 8481000
 8481002
 8481006
 8481012
 8481013
 8481033
 8481042
 8481048
 8481057
 8012761
 8481093
 8481095
 8481103
 8481113
 8481129
 8481162
 8481170
 8481173
 8481174
 8481178
 8012765
 8481223
 8481224
 8481226
 8481242
 8481248
 8481284
 8481304
 8481399
 8481416
 8481420
 8012783
 8481446
 8481484
 8481485
 8481599
 8481610
 8481616
 8481628
 8481638
 8481667
 8481716
 8012807
 8481765
 8481797
 8481802
 8543272
 8543407
 8543492
 8543510
 8543518
 8543546
 8543569
 8012842
 8543589
 8543596
 8543617
 8543701
 8543727
 8543739
 8543777
 8543784
 8543791
 8543816
 8012921
 8543852
 8543860
 8543897
 8543911
 8543941
 8543986
 8544002
 8544007
 8544028
 8544039
 7874924
 8012936
 8544043
 8544049
 8544094
 8544121
 8544142
 8544169
 8544201
 8544203
 8544280
 8544287
 8012943
 8544408
 8544483
 8544516
 8544518
 8544537
 8544543
 8544550
 8544569
 8544600
 8544630
 8012950
 8544639
 8544664
 8544685
 8544697
 8544698
 8544708
 8544723
 8544726
 8544762
 8544803
 8012961
 8544804
 8544808
 8544838
 8544868
 8544875
 8544884
 8544896
 8544914
 8544929
 8544934
 8012966
 8544935
 8544968
 8544992
 8545049
 8545067
 8545075
 8545107
 8545145
 8545220
 8545246
 8013023
 8545271
 8545272
 8545291
 8545322
 8545370
 8545371
 8545376
 8545381
 8545457
 8545462
 8013037
 8545494
 8545504
 8545513
 8545514
 8545531
 8545556
 8545566
 8545580
 8545592
 8545603
 8013041
 8545615
 8545621
 8545640
 8545649
 8545651
 8545657
 8545658
 8545660
 8545663
 8545669
 8013042
 8545682
 8545684
 8545691
 8545770
 8545789
 8545795
 8545846
 8545850
 8545861
 8545877
 8013044
 8545909
 8545915
 8545949
 8545988
 8546002
 8546014
 8546016
 8546042
 8546052
 8546099
 7874929
 8013052
 8546100
 8546136
 8546146
 8546157
 8546170
 8546186
 8546195
 8546196
 8546217
 8546219
 8013078
 8546227
 8608448
 8608517
 8608564
 8608616
 8608624
 8608705
 8608714
 8608750
 8608755
 8013091
 8608757
 8608769
 8608777
 8608783
 8608813
 8608837
 8608852
 8608866
 8608877
 8608889
 8013094
 8608926
 8608958
 8608998
 8609006
 8609043
 8609154
 8609193
 8609226
 8609288
 8609301
 8013104
 8609302
 8609313
 8609317
 8609321
 8609322
 8609368
 8609377
 8609387
 8609428
 8609450
 8013120
 8609452
 8609477
 8609482
 8609502
 8609504
 8609512
 8609532
 8609534
 8609558
 8609607
 8013186
 8609611
 8609645
 8609656
 8609667
 8609680
 8609704
 8609748
 8609749
 8609752
 8609774
 8013203
 8609780
 8609799
 8609845
 8609852
 8609873
 8609874
 8609886
 8609899
 8609926
 8609952
 8013213
 8609969
 8609973
 8609985
 8609986
 8610067
 8610122
 8610124
 8610152
 8610168
 8610178
 8013216
 8610204
 8610216
 8610251
 8610288
 8610291
 8610315
 8610316
 8610327
 8610358
 8610359
 7874944
 8013221
 8610368
 8610380
 8610381
 8610382
 8610388
 8610391
 8610399
 8610402
 8610424
 8610427
 8013230
 8610439
 8610450
 8610473
 8610515
 8610528
 8610529
 8610545
 8610549
 8610550
 8610579
 8013233
 8610585
 8610590
 8610634
 8610684
 8610701
 8610718
 8610730
 8610737
 8610739
 8610823
 8013236
 8673551
 8673606
 8673771
 8673781
 8673845
 8673853
 8673891
 8673909
 8674005
 8674017
 8013254
 8674020
 8674063
 8674074
 8674107
 8674124
 8674153
 8674172
 8674177
 8674179
 8674230
 8013284
 8674241
 8674242
 8674256
 8674279
 8674286
 8674303
 8674325
 8674346
 8674352
 8674375
 8013289
 8674406
 8674441
 8674558
 8674562
 8674581
 8674586
 8674623
 8674631
 8674658
 8674686
 8013374
 8674710
 8674719
 8674734
 8674776
 8674787
 8674796
 8674803
 8674868
 8674879
 8674976
 8013396
 8674980
 8675008
 8675015
 8675043
 8675083
 8675106
 8675117
 8675146
 8675192
 8675208
 8013399
 8675238
 8675259
 8675279
 8675326
 8675346
 8675360
 8675365
 8675371
 8675382
 8675402
 7874954
 8013402
 8675428
 8675446
 8738374
 8738465
 8738508
 8738531
 8738537
 8738545
 8738551
 8738569
 8013404
 8738591
 8738623
 8738633
 8738634
 8738643
 8738679
 8738708
 8738735
 8738764
 8738774
 8013418
 8738775
 8738777
 8738804
 8738807
 8738809
 8738825
 8738830
 8738834
 8738859
 8738861
 8013419
 8738863
 8738875
 8738899
 8738912
 8738941
 8738959
 8738963
 8738966
 8738977
 8738980
 8013420
 8739025
 8739040
 8739065
 8739069
 8739070
 8739075
 8739081
 8739092
 8739118
 8739140
 8013439
 8739181
 8739209
 8739220
 8739246
 8739252
 8739258
 8739290
 8739313
 8739319
 8739331
 8013481
 8739335
 8739345
 8739365
 8739366
 8739395
 8739426
 8739469
 8739491
 8739522
 8739527
 8013482
 8739535
 8803690
 8803744
 8803762
 8803832
 8803857
 8803911
 8803940
 8803969
 8803974
 8013492
 8803979
 8804018
 8804051
 8804060
 8804069
 8804085
 8804097
 8804102
 8804138
 8804145
 8013515
 8804147
 8804164
 8804172
 8804182
 8804188
 8804213
 8804218
 8804219
 8804226
 8804261
 7874959
 8013517
 8804266
 8804268
 8804272
 8804283
 8804292
 8804301
 8804313
 8804334
 8804346
 8804358
 8013545
 8804395
 8804397
 8804398
 8804402
 8804416
 8804433
 8804435
 8804450
 8804454
 8804455
 8013549
 8804525
 8869780
 8869798
 8869855
 8869892
 8869921
 8869922
 8870037
 8013561
 8013569
 8013573
 8013600
 8013637
 8013645
 8013691
 7874973
 8013694
 8013732
 8013744
 8013777
 8013871
 8080862
 8080875
 8080877
 8080889
 8080891
 7805891
 7874976
 8080896
 8080962
 8080969
 8080973
 8080993
 8080999
 8081028
 8081055
 8081069
 8081113
 7875008
 8081122
 8081128
 8081140
 8081141
 8081145
 8081162
 8081187
 8081193
 8081199
 8081218
 7875011
 8081220
 8081222
 8081239
 8081256
 8081278
 8081284
 8081354
 8081361
 8081387
 8081397
 7875020
 8081427
 8081429
 8081471
 8081497
 8081502
 8081518
 8081535
 8081548
 8081566
 8081600
 7875044
 8081610
 8081618
 8081636
 8081649
 8081674
 8081699
 8081708
 8081710
 8081724
 8081727
 7875063
 8081757
 8081781
 8081798
 8081802
 8081821
 8081822
 8081837
 8081853
 8081899
 8081905
 7875066
 8081960
 8081971
 8081975
 8081999
 8082001
 8082082
 8082087
 8082118
 8082126
 8082140
 7875071
 8082152
 8082190
 8082197
 8082200
 8082207
 8082256
 8082265
 8082281
 8082302
 8082305
 7875106
 8082339
 8082350
 8082356
 8082362
 8082382
 8082425
 8082429
 8082430
 8082443
 8082458
 7875117
 8082478
 8082494
 8082495
 8082510
 8082524
 8082525
 8082534
 8082538
 8082551
 8082558
 7805901
 7875139
 8082568
 8082595
 8082606
 8082613
 8082653
 8082654
 8082683
 8082686
 8082695
 8082727
 7875197
 8082740
 8082742
 8082762
 8082850
 8082875
 8082898
 8082910
 8082913
 8082928
 8082932
 7875238
 8082949
 8082956
 8082960
 8082965
 8082970
 8083033
 8083086
 8148549
 8148605
 8148669
 7875239
 8148680
 8148703
 8148709
 8148711
 8148713
 8148714
 8148719
 8148737
 8148781
 8148786
 7875276
 8148789
 8148790
 8148792
 8148818
 8148841
 8148856
 8148903
 8148908
 8148913
 8148956
 7875285
 8148959
 8148972
 8148993
 8148994
 8149009
 8149014
 8149025
 8149047
 8149053
 8149055
 7875341
 8149059
 8149081
 8149083
 8149106
 8149108
 8149133
 8149134
 8149139
 8149147
 8149164
 7875343
 8149174
 8149226
 8149263
 8149325
 8149334
 8149336
 8149341
 8149350
 8149401
 8149409
 7875344
 8149464
 8149466
 8149484
 8149518
 8149536
 8149548
 8149583
 8149586
 8149637
 8149673
 7875412
 8149684
 8149694
 8149707
 8149717
 8149735
 8149762
 8149782
 8149801
 8149804
 8149819
 7805917
 7875441
 8149842
 8149843
 8149847
 8149862
 8149899
 8149915
 8149964
 8149983
 8150065
 8150071
 7875476
 8150075
 8150078
 8150148
 8150152
 8150210
 8150243
 8150303
 8150320
 8150327
 8150383
 7875484
 8150401
 8150439
 8150444
 8150455
 8150462
 8150479
 8150501
 8150533
 8150546
 8150550
 7875533
 8150565
 8150576
 8150582
 8150595
 8150600
 8150612
 8150613
 8150640
 8150651
 8150669
 7875538
 8150678
 8150725
 8150728
 8150741
 8150746
 8150750
 8150759
 8150769
 8150787
 8150795
 7875549
 8150820
 8150831
 8150844
 8150864
 8150870
 8150917
 8151009
 8151014
 8151052
 8151053
 7943432
 8151055
 8151063
 8151093
 8151107
 8151113
 8151114
 8151125
 8151174
 8151178
 8151196
 7943451
 8151227
 8151241
 8151273
 8151284
 8151314
 8151324
 8151377
 8151491
 8151508
 8216446
 7943473
 8216645
 8216658
 8216690
 8216728
 8216735
 8216763
 8216780
 8216786
 8216807
 8216812
 7943616
 8216813
 8216834
 8216867
 8216870
 8216871
 8216876
 8216882
 8216910
 8216916
 8216930
 7805971
 7943624
 8216936
 8216963
 8216981
 8217030
 8217059
 8217073
 8217078
 8217101
 8217125
 8217133
 7943692
 8217138
 8217141
 8217144
 8217154
 8217182
 8217206
 8217220
 8217254
 8217295
 8217311
 7943703
 8217313
 8217331
 8217387
 8217439
 8217481
 8217514
 8217626
 8217671
 8217734
 8217741
 7943746
 8217744
 8217766
 8217772
 8217798
 8217805
 8217850
 8217885
 8217896
 8217923
 8217939
 7943762
 8217977
 8218007
 8218019
 8218051
 8218053
 8218064
 8218072
 8218074
 8218085
 8218108
 7943763
 8218181
 8218190
 8218216
 8218225
 8218291
 8218307
 8218313
 8218351
 8218374
 8218379
 7943764
 8218389
 8218410
 8218419
 8218438
 8218500
 8218504
 8218508
 8218512
 8218514
 8218516
 7943807
 8218535
 8218555
 8218568
 8218614
 8218636
 8218637
 8218648
 8218649
 8218654
 8218658
 7943829
 8218681
 8218687
 8218713
 8218739
 8218772
 8218780
 8218785
 8218803
 8218805
 8218813
 7943835
 8218840
 8218883
 8218891
 8218906
 8218913
 8218922
 8218937
 8218968
 8218974
 8218991
 7805978
 7943846
 8219000
 8219009
 8219022
 8219030
 8219034
 8219065
 8219070
 8219079
 8219123
 8219125
 7943852
 8219151
 8219187
 8219199
 8219206
 8219255
 8219263
 8219268
 8219307
 8219335
 8219352
 7943857
 8219357
 8219375
 8219407
 8219413
 8219438
 8219441
 8219462
 8219476
 8219482
 8219491
 7943862
 8219515
 8219525
 8219533
 8219576
 8219599
 8219606
 8219610
 8219624
 8219659
 8219663
 7943871
 8219673
 8219681
 8219710
 8219746
 8282338
 8282492
 8282536
 8282556
 8282592
 8282593
 7943876
 8282602
 8282651
 8282668
 8282730
 8282777
 8282784
 8282807
 8282808
 8282823
 8282831
 7943883
 8282842
 8282846
 8282865
 8282874
 8282900
 8282904
 8282947
 8282948
 8282954
 8282956
 7943916
 8283001
 8283005
 8283025
 8283040
 8283041
 8283052
 8283079
 8283117
 8283126
 8283131
 7943920
 8283136
 8283255
 8283356
 8283364
 8283373
 8283458
 8283463
 8283487
 8283489
 8283516
 7943929
 8283544
 8283596
 8283634
 8283639
 8283646
 8283666
 8283672
 8283679
 8283719
 8283796
 7805982
 7943948
 8283832
 8283836
 8283842
 8283850
 8283857
 8283858
 8283866
 8283875
 8283893
 8283900
 7943989
 8283915
 8283925
 8283946
 8283948
 8283958
 8283961
 8283993
 8283996
 8284017
 8284026
 7943999
 8284032
 8284056
 8284074
 8284088
 8284137
 8284144
 8284161
 8284166
 8284179
 8284195
 7944025
 8284203
 8284259
 8284271
 8284301
 8284303
 8284332
 8284347
 8284358
 8284361
 8284382
 7944038
 8284423
 8284425
 8284426
 8284457
 8284487
 8284493
 8284502
 8284510
 8284517
 8284524
 7944072
 8284582
 8284671
 8284676
 8284681
 8284682
 8284696
 8284699
 8284763
 8284793
 8284814
 7944081
 8284817
 8284886
 8284909
 8284927
 8284959
 8284962
 8284990
 8284991
 8285000
 8285008
 7944091
 8285025
 8285052
 8285063
 8285086
 8285087
 8285090
 8285171
 8285184
 8285246
 8285253
 7944135
 8285301
 8285308
 8285312
 8285320
 8285360
 8285371
 8285375
 8285385
 8285391
 8285394
 7944138
 8285426
 8285428
 8285463
 8285494
 8285496
 8285506
 8285510
 8285573
 8285594
 8285613
 7806013
 7944142
 8285623
 8285634
 8285635
 8285645
 8285657
 8285664
 8285667
 8285700
 8285712
 8285729
 7944153
 8285787
 8285804
 8285806
 8285818
 8285845
 8285873
 8285875
 8285877
 8285885
 8285903
 7944178
 8285970
 8286018
 8286020
 8348442
 8348496
 8348555
 8348568
 8348580
 8348611
 8348641
 7944193
 8348642
 8348643
 8348646
 8348664
 8348699
 8348754
 8348765
 8348873
 8348887
 8348888
 7944205
 8349031
 8349116
 8349145
 8349155
 8349177
 8349187
 8349192
 8349198
 8349248
 8349257
 7944217
 8349297
 8349302
 8349311
 8349330
 8349344
 8349350
 8349351
 8349379
 8349399
 8349402
 7944256
 8349405
 8349498
 8349536
 8349539
 8349565
 8349568
 8349582
 8349612
 8349645
 8349688
 7944262
 8349692
 8349700
 8349732
 8349736
 8349776
 8349778
 8349780
 8349860
 8349893
 8349926
 7944270
 8349934
 8349979
 8350009
 8350024
 8350026
 8350067
 8350156
 8350180
 8350188
 8350211
 7944271
 8350226
 8350231
 8350257
 8350261
 8350285
 8350288
 8350298
 8350310
 8350347
 8350348
 7806026
 7944313
 8350362
 8350363
 8350389
 8350397
 8350401
 8350403
 8350405
 8350409
 8350421
 8350422
 7944334
 8350443
 8350452
 8350464
 8350495
 8350503
 8350517
 8350527
 8350534
 8350535
 8350577
 7944335
 8350581
 8350593
 8350601
 8350612
 8350630
 8350635
 8350639
 8350640
 8350642
 8350645
 7944345
 8350689
 8350690
 8350788
 8350796
 8350834
 8350839
 8350867
 8350894
 8350907
 8350910
 7944349
 8350918
 8350958
 8350993
 8350997
 8350999
 8351039
 8351040
 8351050
 8351067
 8351076
 7944378
 8351137
 8351156
 8351157
 8351168
 8351171
 8351193
 8351256
 8351257
 8351273
 8351277
 7944381
 8351314
 8351339
 8351357
 8351373
 8351387
 8351396
 8351410
 8351411
 8351450
 8351461
 7944403
 8351477
 8351491
 8351494
 8351510
 8351549
 8351568
 8351578
 8351635
 8351650
 8351656
 7944419
 8351693
 8351703
 8351704
 8351707
 8351772
 8351778
 8351810
 8351835
 8351851
 8351885
 7944463
 8351897
 8351916
 8351919
 8351931
 8351962
 8351986
 8352009
 8352016
 8352071
 8413637
