 7898576
 7900367
 7538950
 7901948
 7454990
 7902001
 7902035
 7902286
 7903086
 7967293
 7969047
 7969912
 8036287
 8036315
 8037145
 8038679
 8039892
 8103917
 8104030
 8104598
 8107225
 8107380
 8107611
 8173017
 7618364
 8174306
 8174625
 7455287
 8175131
 8176564
 8176650
 8177179
 8240123
 8240797
 8240904
 8241079
 8242434
 8243283
 8243804
 8244173
 8244190
 8308260
 8310243
 8374396
 8374494
 8374580
 8439323
 8439566
 7690844
 7690855
 7455624
 7691260
 7691547
 7692093
 7692248
 7694615
 7761545
 7761855
 7761918
 7763269
 7764367
 7765528
 7830684
 7831264
 7831302
 7831363
 7832356
 7833305
 7833539
 7834063
 7834441
 7834612
