Kepler_ID
2443393
2449431
3942670
4049901
4247991
4914423
5088536
5094751
5096590
5113822
5445681
5511081
5695396
5770074
5966322
6196457
6356692
6442340
6521045
6528464
6541920
6678383
6707835
6850504
7040629
7050060
7106173
7115785
7286173
7364176
7515212
7609674
7626506
7941200
8008067
8022489
8095441
8107380
8240797
8349582
8395660
8611832
8628758
8686097
8692861
8802165
8827575
8962094
9266431
9458613
9471974
9573539
9578686
9597058
9597345
9763348
9836959
9838468
9884104
9955598
9963524
10350571
10586004
10593626
10663396
10779233
10984090
11086270
11253827
11297236
11401755
11402995
11623629
11769890
12154526
12785320
